osu file format v14

[General]
AudioFilename: audio.mp3
AudioLeadIn: 0
PreviewTime: -1
Countdown: 0
SampleSet: None
StackLeniency: 0.7
Mode: 3
LetterboxInBreaks: 0
SpecialStyle: 0
WidescreenStoryboard: 0

[Editor]
DistanceSpacing: 1.1
BeatDivisor: 4
GridSize: 16
TimelineZoom: 1

[Metadata]
Title:Isolation
TitleUnicode:Isolation
Artist:NightHawk23
ArtistUnicode:NightHawk23
Creator:jaydonthegamer1
Version:Isolation 4K
Source:
Tags:around 9 bit
BeatmapID:4254324
BeatmapSetID:2039531

[Difficulty]
HPDrainRate:7
CircleSize:4
OverallDifficulty:7
ApproachRate:5
SliderMultiplier:1.4
SliderTickRate:1

[Events]
//Background and Video events
//Break Periods
//Storyboard Layer 0 (Background)
//Storyboard Layer 1 (Fail)
//Storyboard Layer 2 (Pass)
//Storyboard Layer 3 (Foreground)
//Storyboard Layer 4 (Overlay)
//Storyboard Sound Samples

[TimingPoints]
824,483.870967741935,4,1,0,0,1,0


[Colours]
Combo1 : 255,0,0
Combo2 : 255,170,0
Combo3 : 170,255,0
Combo4 : 18,176,237
Combo5 : 0,255,170
Combo6 : 0,170,255
Combo7 : 0,0,255
Combo8 : 170,0,255

[HitObjects]
64,192,8444,5,0,0:0:0:0:
320,192,8686,1,0,0:0:0:0:
192,192,9049,128,0,10138:0:0:0:0:
320,192,10259,1,0,0:0:0:0:
192,192,10380,1,0,0:0:0:0:
320,192,10501,1,0,0:0:0:0:
192,192,10622,1,0,0:0:0:0:
320,192,10864,1,0,0:0:0:0:
320,192,11106,1,0,0:0:0:0:
64,192,11348,128,0,11469:0:0:0:0:
448,192,11348,128,0,11469:0:0:0:0:
192,192,11348,128,0,11469:0:0:0:0:
320,192,11711,1,0,0:0:0:0:
192,192,12073,128,0,12557:0:0:0:0:
320,192,12920,1,0,0:0:0:0:
448,192,13041,1,0,0:0:0:0:
320,192,13283,1,0,0:0:0:0:
192,192,13525,128,0,13888:0:0:0:0:
320,192,14009,128,0,14251:0:0:0:0:
448,192,14009,128,0,14251:0:0:0:0:
64,192,14009,128,0,14251:0:0:0:0:
192,192,14372,128,0,14735:0:0:0:0:
320,192,14856,1,0,0:0:0:0:
192,192,14977,128,0,15219:0:0:0:0:
448,192,14977,128,0,15219:0:0:0:0:
320,192,15340,128,0,15703:0:0:0:0:
320,192,15823,1,0,0:0:0:0:
64,192,15823,128,0,15944:0:0:0:0:
64,192,16065,1,0,0:0:0:0:
192,192,16186,1,0,0:0:0:0:
64,192,16307,1,0,0:0:0:0:
320,192,16549,1,0,0:0:0:0:
64,192,16791,1,0,0:0:0:0:
192,192,17154,1,0,0:0:0:0:
64,192,17154,128,0,17517:0:0:0:0:
320,192,17154,128,0,17396:0:0:0:0:
448,192,17396,1,0,0:0:0:0:
64,192,17638,1,0,0:0:0:0:
192,192,17638,1,0,0:0:0:0:
320,192,17638,1,0,0:0:0:0:
448,192,17638,1,0,0:0:0:0:
192,192,18001,1,0,0:0:0:0:
320,192,18001,1,0,0:0:0:0:
448,192,18001,1,0,0:0:0:0:
448,192,18122,1,0,0:0:0:0:
448,192,18243,1,0,0:0:0:0:
64,192,18243,1,0,0:0:0:0:
192,192,18243,1,0,0:0:0:0:
448,192,18364,1,0,0:0:0:0:
64,192,18364,1,0,0:0:0:0:
320,192,18364,1,0,0:0:0:0:
192,192,18485,1,0,0:0:0:0:
64,192,18606,1,0,0:0:0:0:
320,192,18727,1,0,0:0:0:0:
448,192,18848,1,0,0:0:0:0:
192,192,18848,1,0,0:0:0:0:
64,192,18848,1,0,0:0:0:0:
320,192,18969,1,0,0:0:0:0:
192,192,19090,1,0,0:0:0:0:
320,192,19090,1,0,0:0:0:0:
192,192,19211,1,0,0:0:0:0:
64,192,19332,1,0,0:0:0:0:
192,192,19332,1,0,0:0:0:0:
448,192,19453,1,0,0:0:0:0:
320,192,19453,1,0,0:0:0:0:
192,192,19453,1,0,0:0:0:0:
64,192,19453,1,0,0:0:0:0:
64,192,19694,1,0,0:0:0:0:
192,192,19815,1,0,0:0:0:0:
320,192,19936,1,0,0:0:0:0:
448,192,19936,128,0,20178:0:0:0:0:
64,192,19936,128,0,20057:0:0:0:0:
64,192,20299,1,0,0:0:0:0:
192,192,20299,1,0,0:0:0:0:
320,192,20420,128,0,20662:0:0:0:0:
192,192,20420,1,0,0:0:0:0:
448,192,20420,1,0,0:0:0:0:
64,192,20541,128,0,20662:0:0:0:0:
448,192,20541,1,0,0:0:0:0:
448,192,20783,128,0,20904:0:0:0:0:
192,192,20783,128,0,21025:0:0:0:0:
320,192,20904,128,0,21025:0:0:0:0:
64,192,20904,128,0,21267:0:0:0:0:
192,192,21146,1,0,0:0:0:0:
448,192,21146,1,0,0:0:0:0:
320,192,21267,1,0,0:0:0:0:
448,192,21388,1,0,0:0:0:0:
64,192,21388,1,0,0:0:0:0:
192,192,21388,1,0,0:0:0:0:
320,192,21509,1,0,0:0:0:0:
192,192,21509,128,0,21630:0:0:0:0:
448,192,21630,1,0,0:0:0:0:
320,192,21751,1,0,0:0:0:0:
64,192,21751,1,0,0:0:0:0:
192,192,21751,128,0,21993:0:0:0:0:
448,192,21751,1,0,0:0:0:0:
320,192,21872,1,0,0:0:0:0:
64,192,21872,128,0,22114:0:0:0:0:
448,192,21993,1,0,0:0:0:0:
320,192,21993,128,0,22114:0:0:0:0:
192,192,22235,1,0,0:0:0:0:
320,192,22235,128,0,22356:0:0:0:0:
448,192,22235,128,0,22356:0:0:0:0:
64,192,22235,128,0,22356:0:0:0:0:
192,192,22356,1,0,0:0:0:0:
320,192,22477,1,0,0:0:0:0:
64,192,22477,128,0,22598:0:0:0:0:
448,192,22598,1,0,0:0:0:0:
192,192,22598,1,0,0:0:0:0:
320,192,22598,128,0,22719:0:0:0:0:
192,192,22719,1,0,0:0:0:0:
448,192,22840,1,0,0:0:0:0:
64,192,22840,1,0,0:0:0:0:
320,192,22961,1,0,0:0:0:0:
64,192,22961,1,0,0:0:0:0:
448,192,22961,1,0,0:0:0:0:
192,192,23082,1,0,0:0:0:0:
320,192,23082,1,0,0:0:0:0:
64,192,23203,1,0,0:0:0:0:
192,192,23203,128,0,23444:0:0:0:0:
64,192,23323,128,0,23565:0:0:0:0:
448,192,23323,1,0,0:0:0:0:
320,192,23444,128,0,23686:0:0:0:0:
192,192,23565,1,0,0:0:0:0:
192,192,23565,128,0,23686:0:0:0:0:
448,192,23686,1,0,0:0:0:0:
448,192,23807,1,0,0:0:0:0:
64,192,23807,128,0,24049:0:0:0:0:
320,192,23928,1,0,0:0:0:0:
448,192,23928,128,0,24170:0:0:0:0:
192,192,23928,128,0,24170:0:0:0:0:
320,192,24049,128,0,24291:0:0:0:0:
64,192,24291,128,0,24533:0:0:0:0:
192,192,24412,128,0,24533:0:0:0:0:
448,192,24533,1,0,0:0:0:0:
320,192,24533,128,0,24654:0:0:0:0:
192,192,24654,128,0,24775:0:0:0:0:
64,192,24654,128,0,24896:0:0:0:0:
448,192,24775,128,0,24896:0:0:0:0:
320,192,24775,128,0,25017:0:0:0:0:
192,192,24896,128,0,25380:0:0:0:0:
64,192,25017,128,0,25501:0:0:0:0:
320,192,25138,128,0,25259:0:0:0:0:
448,192,25138,128,0,25259:0:0:0:0:
192,192,25501,1,0,0:0:0:0:
320,192,25501,1,0,0:0:0:0:
192,192,25622,1,0,0:0:0:0:
448,192,25622,1,0,0:0:0:0:
320,192,25743,1,0,0:0:0:0:
64,192,25743,1,0,0:0:0:0:
192,192,25743,128,0,25864:0:0:0:0:
448,192,25864,1,0,0:0:0:0:
64,192,25864,128,0,26227:0:0:0:0:
320,192,25985,1,0,0:0:0:0:
192,192,25985,1,0,0:0:0:0:
448,192,26106,1,0,0:0:0:0:
192,192,26106,128,0,26590:0:0:0:0:
320,192,26106,1,0,0:0:0:0:
448,192,26227,1,0,0:0:0:0:
320,192,26348,1,0,0:0:0:0:
64,192,26348,1,0,0:0:0:0:
320,192,26469,1,0,0:0:0:0:
448,192,26469,1,0,0:0:0:0:
64,192,26590,1,0,0:0:0:0:
320,192,26590,1,0,0:0:0:0:
448,192,26590,1,0,0:0:0:0:
320,192,26711,128,0,26953:0:0:0:0:
192,192,26711,1,0,0:0:0:0:
192,192,26832,1,0,0:0:0:0:
448,192,26832,1,0,0:0:0:0:
192,192,26953,1,0,0:0:0:0:
448,192,26953,1,0,0:0:0:0:
192,192,27073,128,0,27194:0:0:0:0:
64,192,27194,1,0,0:0:0:0:
448,192,27194,128,0,27436:0:0:0:0:
320,192,27315,1,0,0:0:0:0:
320,192,27436,1,0,0:0:0:0:
64,192,27557,1,0,0:0:0:0:
448,192,27678,1,0,0:0:0:0:
64,192,27678,128,0,27920:0:0:0:0:
192,192,27799,1,0,0:0:0:0:
320,192,27920,1,0,0:0:0:0:
320,192,28041,128,0,28283:0:0:0:0:
192,192,28041,1,0,0:0:0:0:
448,192,28162,1,0,0:0:0:0:
448,192,28404,1,0,0:0:0:0:
64,192,28404,1,0,0:0:0:0:
192,192,28404,128,0,28646:0:0:0:0:
320,192,28525,128,0,28646:0:0:0:0:
64,192,28525,128,0,28767:0:0:0:0:
192,192,28888,1,0,0:0:0:0:
448,192,28888,1,0,0:0:0:0:
64,192,28888,1,0,0:0:0:0:
320,192,29009,1,0,0:0:0:0:
64,192,29130,1,0,0:0:0:0:
320,192,29130,128,0,29372:0:0:0:0:
448,192,29251,1,0,0:0:0:0:
192,192,29251,1,0,0:0:0:0:
64,192,29251,128,0,29493:0:0:0:0:
192,192,29372,128,0,29614:0:0:0:0:
320,192,29493,128,0,29614:0:0:0:0:
448,192,29493,1,0,0:0:0:0:
64,192,29735,1,0,0:0:0:0:
448,192,29856,1,0,0:0:0:0:
192,192,29856,1,0,0:0:0:0:
64,192,29977,1,0,0:0:0:0:
320,192,29977,1,0,0:0:0:0:
448,192,30098,1,0,0:0:0:0:
192,192,30098,1,0,0:0:0:0:
64,192,30219,1,0,0:0:0:0:
320,192,30219,1,0,0:0:0:0:
448,192,30340,1,0,0:0:0:0:
192,192,30340,1,0,0:0:0:0:
64,192,30340,1,0,0:0:0:0:
64,192,30461,1,0,0:0:0:0:
320,192,30461,1,0,0:0:0:0:
448,192,30461,1,0,0:0:0:0:
448,192,30582,1,0,0:0:0:0:
192,192,30582,1,0,0:0:0:0:
320,192,30703,1,0,0:0:0:0:
64,192,30703,1,0,0:0:0:0:
192,192,30823,1,0,0:0:0:0:
448,192,30823,1,0,0:0:0:0:
64,192,30823,1,0,0:0:0:0:
64,192,30944,1,0,0:0:0:0:
320,192,30944,1,0,0:0:0:0:
448,192,31065,128,0,31307:0:0:0:0:
192,192,31186,128,0,31670:0:0:0:0:
64,192,31186,1,0,0:0:0:0:
320,192,31186,1,0,0:0:0:0:
320,192,31307,128,0,31428:0:0:0:0:
64,192,31307,128,0,31428:0:0:0:0:
448,192,31428,1,0,0:0:0:0:
448,192,31549,128,0,31791:0:0:0:0:
64,192,31549,1,0,0:0:0:0:
320,192,31549,1,0,0:0:0:0:
320,192,31670,128,0,31791:0:0:0:0:
192,192,31791,1,0,0:0:0:0:
192,192,31912,1,0,0:0:0:0:
448,192,31912,1,0,0:0:0:0:
192,192,32033,1,0,0:0:0:0:
448,192,32033,1,0,0:0:0:0:
64,192,32033,1,0,0:0:0:0:
192,192,32154,1,0,0:0:0:0:
448,192,32154,1,0,0:0:0:0:
320,192,32154,1,0,0:0:0:0:
192,192,32275,1,0,0:0:0:0:
448,192,32275,1,0,0:0:0:0:
64,192,32275,1,0,0:0:0:0:
64,192,32396,1,0,0:0:0:0:
320,192,32396,1,0,0:0:0:0:
448,192,32396,1,0,0:0:0:0:
192,192,32396,1,0,0:0:0:0:
320,192,32517,1,0,0:0:0:0:
64,192,32638,1,0,0:0:0:0:
320,192,32638,1,0,0:0:0:0:
192,192,32638,1,0,0:0:0:0:
320,192,32759,1,0,0:0:0:0:
448,192,32759,1,0,0:0:0:0:
64,192,32880,1,0,0:0:0:0:
320,192,32880,1,0,0:0:0:0:
192,192,32880,1,0,0:0:0:0:
448,192,32880,1,0,0:0:0:0:
192,192,33001,1,0,0:0:0:0:
448,192,33001,1,0,0:0:0:0:
64,192,33001,1,0,0:0:0:0:
320,192,33001,1,0,0:0:0:0:
192,192,33122,1,0,0:0:0:0:
448,192,33122,1,0,0:0:0:0:
64,192,33243,1,0,0:0:0:0:
320,192,33243,1,0,0:0:0:0:
448,192,33243,1,0,0:0:0:0:
64,192,33364,1,0,0:0:0:0:
320,192,33364,1,0,0:0:0:0:
192,192,33364,1,0,0:0:0:0:
64,192,33485,1,0,0:0:0:0:
320,192,33485,1,0,0:0:0:0:
192,192,33606,1,0,0:0:0:0:
64,192,33606,1,0,0:0:0:0:
448,192,33727,1,0,0:0:0:0:
320,192,33727,1,0,0:0:0:0:
64,192,33727,1,0,0:0:0:0:
192,192,33848,1,0,0:0:0:0:
320,192,33848,1,0,0:0:0:0:
448,192,33848,1,0,0:0:0:0:
64,192,33969,1,0,0:0:0:0:
192,192,33969,1,0,0:0:0:0:
192,192,34090,1,0,0:0:0:0:
64,192,34090,1,0,0:0:0:0:
320,192,34090,1,0,0:0:0:0:
448,192,34090,1,0,0:0:0:0:
448,192,34211,1,0,0:0:0:0:
192,192,34211,1,0,0:0:0:0:
64,192,34211,1,0,0:0:0:0:
320,192,34211,1,0,0:0:0:0:
192,192,34332,1,0,0:0:0:0:
448,192,34332,1,0,0:0:0:0:
320,192,34332,1,0,0:0:0:0:
192,192,34453,1,0,0:0:0:0:
64,192,34453,1,0,0:0:0:0:
448,192,34453,1,0,0:0:0:0:
192,192,34573,1,0,0:0:0:0:
64,192,34573,1,0,0:0:0:0:
320,192,34573,1,0,0:0:0:0:
320,192,34694,1,0,0:0:0:0:
448,192,34694,1,0,0:0:0:0:
192,192,34694,1,0,0:0:0:0:
192,192,34815,1,0,0:0:0:0:
64,192,34815,1,0,0:0:0:0:
448,192,34815,1,0,0:0:0:0:
64,192,34936,1,0,0:0:0:0:
320,192,34936,1,0,0:0:0:0:
192,192,34936,1,0,0:0:0:0:
448,192,34936,1,0,0:0:0:0:
64,192,35057,1,0,0:0:0:0:
320,192,35057,1,0,0:0:0:0:
192,192,35057,1,0,0:0:0:0:
320,192,35178,1,0,0:0:0:0:
448,192,35178,1,0,0:0:0:0:
64,192,35178,1,0,0:0:0:0:
320,192,35299,1,0,0:0:0:0:
448,192,35299,1,0,0:0:0:0:
192,192,35299,1,0,0:0:0:0:
192,192,35420,1,0,0:0:0:0:
448,192,35420,1,0,0:0:0:0:
64,192,35420,1,0,0:0:0:0:
192,192,35541,1,0,0:0:0:0:
64,192,35541,1,0,0:0:0:0:
320,192,35662,1,0,0:0:0:0:
64,192,35662,1,0,0:0:0:0:
320,192,35783,1,0,0:0:0:0:
192,192,35783,1,0,0:0:0:0:
64,192,35904,1,0,0:0:0:0:
320,192,35904,1,0,0:0:0:0:
192,192,35904,1,0,0:0:0:0:
320,192,36025,1,0,0:0:0:0:
192,192,36025,1,0,0:0:0:0:
448,192,36025,1,0,0:0:0:0:
64,192,36025,1,0,0:0:0:0:
192,192,36146,128,0,36267:0:0:0:0:
64,192,36267,1,0,0:0:0:0:
448,192,36267,1,0,0:0:0:0:
320,192,36267,1,0,0:0:0:0:
448,192,36388,1,0,0:0:0:0:
192,192,36388,1,0,0:0:0:0:
64,192,36388,1,0,0:0:0:0:
192,192,36509,1,0,0:0:0:0:
320,192,36509,1,0,0:0:0:0:
448,192,36630,1,0,0:0:0:0:
64,192,36630,1,0,0:0:0:0:
192,192,36751,1,0,0:0:0:0:
320,192,36751,1,0,0:0:0:0:
448,192,36872,1,0,0:0:0:0:
64,192,36872,1,0,0:0:0:0:
320,192,36872,1,0,0:0:0:0:
192,192,36872,1,0,0:0:0:0:
320,192,36993,1,0,0:0:0:0:
192,192,37114,1,0,0:0:0:0:
320,192,37114,1,0,0:0:0:0:
448,192,37114,1,0,0:0:0:0:
64,192,37114,1,0,0:0:0:0:
64,192,37235,1,0,0:0:0:0:
192,192,37235,1,0,0:0:0:0:
320,192,37356,1,0,0:0:0:0:
64,192,37356,1,0,0:0:0:0:
448,192,37356,1,0,0:0:0:0:
320,192,37477,1,0,0:0:0:0:
192,192,37598,1,0,0:0:0:0:
64,192,37598,1,0,0:0:0:0:
320,192,37719,1,0,0:0:0:0:
192,192,37719,1,0,0:0:0:0:
64,192,37719,1,0,0:0:0:0:
448,192,37719,1,0,0:0:0:0:
192,192,37840,1,0,0:0:0:0:
320,192,37840,1,0,0:0:0:0:
64,192,37840,1,0,0:0:0:0:
192,192,37961,1,0,0:0:0:0:
320,192,37961,1,0,0:0:0:0:
448,192,37961,1,0,0:0:0:0:
64,192,38082,1,0,0:0:0:0:
192,192,38082,1,0,0:0:0:0:
320,192,38082,1,0,0:0:0:0:
448,192,38082,1,0,0:0:0:0:
448,192,38203,1,0,0:0:0:0:
192,192,38203,1,0,0:0:0:0:
64,192,38203,1,0,0:0:0:0:
64,192,38323,1,0,0:0:0:0:
320,192,38323,1,0,0:0:0:0:
192,192,38323,1,0,0:0:0:0:
192,192,38444,1,0,0:0:0:0:
64,192,38444,1,0,0:0:0:0:
448,192,38444,1,0,0:0:0:0:
448,192,38686,1,0,0:0:0:0:
320,192,38686,1,0,0:0:0:0:
64,192,38686,1,0,0:0:0:0:
192,192,38807,1,0,0:0:0:0:
320,192,38807,1,0,0:0:0:0:
64,192,38807,1,0,0:0:0:0:
192,192,38928,1,0,0:0:0:0:
320,192,38928,1,0,0:0:0:0:
448,192,38928,1,0,0:0:0:0:
