osu file format v14

[General]
AudioFilename: audio.mp3
AudioLeadIn: 0
PreviewTime: -1
Countdown: 0
SampleSet: None
StackLeniency: 0.4
Mode: 3
LetterboxInBreaks: 0
SpecialStyle: 0
WidescreenStoryboard: 1

[Editor]
DistanceSpacing: 1
BeatDivisor: 4
GridSize: 16
TimelineZoom: 1

[Metadata]
Title:Welcome to Kitty City
TitleUnicode:Welcome to Kitty City
Artist:cyriak
ArtistUnicode:cyriak
Creator:gxldn
Version:WELCOME TO KITTY CITY
Source:
Tags:4k
BeatmapID:4914035
BeatmapSetID:2299722

[Difficulty]
HPDrainRate:6
CircleSize:4
OverallDifficulty:8
ApproachRate:5
SliderMultiplier:1.4
SliderTickRate:1

[Events]
//Background and Video events
0,0,"download (2).jpg",0,0
//Break Periods
//Storyboard Layer 0 (Background)
//Storyboard Layer 1 (Fail)
//Storyboard Layer 2 (Pass)
//Storyboard Layer 3 (Foreground)
//Storyboard Layer 4 (Overlay)
//Storyboard Sound Samples

[TimingPoints]
2817.69354634716,333.333333333333,4,1,0,68,1,0


[HitObjects]
64,192,151,128,0,817:0:0:0:0:
192,192,317,128,0,817:0:0:0:0:
320,192,484,128,0,817:0:0:0:0:
448,192,651,1,0,0:0:0:0:
448,192,817,128,0,1151:0:0:0:0:
320,192,1158,128,0,1492:0:0:0:0:
448,192,1492,128,0,2158:0:0:0:0:
64,192,1492,1,0,0:0:0:0:
192,192,1658,1,0,0:0:0:0:
320,192,1825,1,0,0:0:0:0:
192,192,1992,1,0,0:0:0:0:
64,192,2158,128,0,2825:0:0:0:0:
192,192,2158,1,0,0:0:0:0:
320,192,2325,1,0,0:0:0:0:
448,192,2492,1,0,0:0:0:0:
320,192,2658,1,0,0:0:0:0:
320,192,2825,128,0,3492:0:0:0:0:
192,192,2825,1,0,0:0:0:0:
448,192,2992,1,0,0:0:0:0:
192,192,3158,1,0,0:0:0:0:
64,192,3325,1,0,0:0:0:0:
448,192,3492,1,0,0:0:0:0:
192,192,3492,128,0,3992:0:0:0:0:
320,192,3658,1,0,0:0:0:0:
64,192,3825,1,0,0:0:0:0:
320,192,3992,1,0,0:0:0:0:
64,192,3992,128,0,4158:0:0:0:0:
448,192,4158,128,0,4658:0:0:0:0:
192,192,4158,1,0,0:0:0:0:
64,192,4317,1,0,0:0:0:0:
192,192,4492,1,0,0:0:0:0:
64,192,4651,1,0,0:0:0:0:
64,192,4825,128,0,5492:0:0:0:0:
320,192,4825,1,0,0:0:0:0:
448,192,4984,1,0,0:0:0:0:
320,192,5151,1,0,0:0:0:0:
448,192,5317,1,0,0:0:0:0:
448,192,5484,1,0,0:0:0:0:
320,192,5484,128,0,6151:0:0:0:0:
192,192,5651,1,0,0:0:0:0:
64,192,5817,1,0,0:0:0:0:
192,192,5984,1,0,0:0:0:0:
64,192,6151,128,0,6651:0:0:0:0:
448,192,6317,1,0,0:0:0:0:
192,192,6484,1,0,0:0:0:0:
448,192,6651,128,0,6817:0:0:0:0:
64,192,6817,128,0,7484:0:0:0:0:
320,192,6817,1,0,0:0:0:0:
192,192,6984,1,0,0:0:0:0:
320,192,7151,1,0,0:0:0:0:
448,192,7317,1,0,0:0:0:0:
320,192,7484,128,0,8151:0:0:0:0:
192,192,7484,1,0,0:0:0:0:
64,192,7651,1,0,0:0:0:0:
192,192,7817,1,0,0:0:0:0:
448,192,7984,1,0,0:0:0:0:
192,192,8151,128,0,8817:0:0:0:0:
448,192,8151,128,0,8817:0:0:0:0:
320,192,8317,1,0,0:0:0:0:
64,192,8484,1,0,0:0:0:0:
320,192,8651,1,0,0:0:0:0:
64,192,8817,128,0,9484:0:0:0:0:
320,192,8817,128,0,9484:0:0:0:0:
192,192,8984,1,0,0:0:0:0:
448,192,9151,1,0,0:0:0:0:
192,192,9317,1,0,0:0:0:0:
448,192,9484,128,0,10817:0:0:0:0:
192,192,9651,1,0,0:0:0:0:
64,192,9817,1,0,0:0:0:0:
192,192,9984,1,0,0:0:0:0:
320,192,10151,1,0,0:0:0:0:
192,192,10317,1,0,0:0:0:0:
64,192,10484,1,0,0:0:0:0:
320,192,10651,1,0,0:0:0:0:
64,192,10817,1,0,0:0:0:0:
192,192,10817,1,0,0:0:0:0:
192,192,10984,1,0,0:0:0:0:
320,192,10984,1,0,0:0:0:0:
320,192,11151,1,0,0:0:0:0:
448,192,11151,1,0,0:0:0:0:
192,192,11317,1,0,0:0:0:0:
320,192,11317,1,0,0:0:0:0:
64,192,11484,128,0,12151:0:0:0:0:
448,192,11484,128,0,11817:0:0:0:0:
192,192,11817,128,0,12151:0:0:0:0:
448,192,12151,128,0,13484:0:0:0:0:
192,192,12317,1,0,0:0:0:0:
192,192,12484,1,0,0:0:0:0:
192,192,12651,1,0,0:0:0:0:
320,192,12817,128,0,13484:0:0:0:0:
64,192,12817,1,0,0:0:0:0:
64,192,12984,1,0,0:0:0:0:
64,192,13151,1,0,0:0:0:0:
64,192,13317,1,0,0:0:0:0:
192,192,13484,128,0,14484:0:0:0:0:
64,192,13651,1,0,0:0:0:0:
448,192,13817,1,0,0:0:0:0:
320,192,13984,1,0,0:0:0:0:
448,192,14151,128,0,14651:0:0:0:0:
320,192,14317,1,0,0:0:0:0:
64,192,14484,1,0,0:0:0:0:
64,192,14651,128,0,14817:0:0:0:0:
320,192,14817,128,0,16151:0:0:0:0:
448,192,14984,1,0,0:0:0:0:
192,192,15151,1,0,0:0:0:0:
448,192,15317,1,0,0:0:0:0:
192,192,15317,1,0,0:0:0:0:
192,192,15484,128,0,16151:0:0:0:0:
64,192,15651,1,0,0:0:0:0:
448,192,15817,1,0,0:0:0:0:
64,192,15984,1,0,0:0:0:0:
448,192,16151,128,0,16817:0:0:0:0:
192,192,16817,1,0,0:0:0:0:
320,192,16817,1,0,0:0:0:0:
64,192,16817,128,0,17484:0:0:0:0:
320,192,17317,1,0,0:0:0:0:
448,192,17317,1,0,0:0:0:0:
192,192,17317,1,0,0:0:0:0:
192,192,17484,1,0,0:0:0:0:
448,192,17484,1,0,0:0:0:0:
64,192,17651,1,0,0:0:0:0:
192,192,17651,1,0,0:0:0:0:
320,192,17651,1,0,0:0:0:0:
64,192,17817,1,0,0:0:0:0:
192,192,17817,1,0,0:0:0:0:
64,192,17984,1,0,0:0:0:0:
320,192,17984,1,0,0:0:0:0:
320,192,18151,1,0,0:0:0:0:
448,192,18151,1,0,0:0:0:0:
192,192,18151,1,0,0:0:0:0:
320,192,18317,1,0,0:0:0:0:
448,192,18317,1,0,0:0:0:0:
64,192,18317,1,0,0:0:0:0:
320,192,18484,1,0,0:0:0:0:
448,192,18484,1,0,0:0:0:0:
192,192,18484,1,0,0:0:0:0:
320,192,18651,1,0,0:0:0:0:
192,192,18817,1,0,0:0:0:0:
64,192,18817,1,0,0:0:0:0:
320,192,18817,128,0,19484:0:0:0:0:
64,192,19484,1,0,0:0:0:0:
448,192,19484,128,0,19984:0:0:0:0:
320,192,19984,128,0,20151:0:0:0:0:
64,192,20151,1,0,0:0:0:0:
64,192,20317,1,0,0:0:0:0:
64,192,20484,1,0,0:0:0:0:
64,192,20651,1,0,0:0:0:0:
320,192,20817,1,0,0:0:0:0:
320,192,20984,1,0,0:0:0:0:
320,192,21151,1,0,0:0:0:0:
320,192,21317,1,0,0:0:0:0:
192,192,21484,1,0,0:0:0:0:
320,192,21484,1,0,0:0:0:0:
64,192,21484,128,0,22151:0:0:0:0:
448,192,21484,1,0,0:0:0:0:
320,192,21651,1,0,0:0:0:0:
448,192,21651,1,0,0:0:0:0:
448,192,21817,1,0,0:0:0:0:
448,192,21984,1,0,0:0:0:0:
320,192,21984,1,0,0:0:0:0:
192,192,22151,1,0,0:0:0:0:
320,192,22151,1,0,0:0:0:0:
448,192,22151,128,0,22817:0:0:0:0:
192,192,22317,1,0,0:0:0:0:
64,192,22317,1,0,0:0:0:0:
320,192,22484,1,0,0:0:0:0:
192,192,22484,1,0,0:0:0:0:
64,192,22651,1,0,0:0:0:0:
192,192,22651,1,0,0:0:0:0:
64,192,22817,1,0,0:0:0:0:
320,192,22817,1,0,0:0:0:0:
320,192,22984,1,0,0:0:0:0:
192,192,22984,1,0,0:0:0:0:
320,192,23151,1,0,0:0:0:0:
64,192,23151,1,0,0:0:0:0:
448,192,23151,1,0,0:0:0:0:
320,192,23317,1,0,0:0:0:0:
192,192,23317,1,0,0:0:0:0:
64,192,23484,1,0,0:0:0:0:
320,192,23484,1,0,0:0:0:0:
64,192,23651,1,0,0:0:0:0:
192,192,23651,1,0,0:0:0:0:
64,192,23817,1,0,0:0:0:0:
448,192,23817,1,0,0:0:0:0:
192,192,23817,1,0,0:0:0:0:
64,192,23984,1,0,0:0:0:0:
192,192,23984,1,0,0:0:0:0:
320,192,24151,1,0,0:0:0:0:
192,192,24151,1,0,0:0:0:0:
448,192,24151,1,0,0:0:0:0:
192,192,24484,1,0,0:0:0:0:
320,192,24484,1,0,0:0:0:0:
64,192,24817,1,0,0:0:0:0:
448,192,24817,1,0,0:0:0:0:
192,192,25151,1,0,0:0:0:0:
320,192,25151,1,0,0:0:0:0:
192,192,25484,1,0,0:0:0:0:
64,192,25484,1,0,0:0:0:0:
320,192,25484,1,0,0:0:0:0:
64,192,25651,1,0,0:0:0:0:
192,192,25651,1,0,0:0:0:0:
320,192,25651,1,0,0:0:0:0:
192,192,25817,1,0,0:0:0:0:
64,192,25817,1,0,0:0:0:0:
448,192,25817,1,0,0:0:0:0:
320,192,25984,1,0,0:0:0:0:
192,192,25984,1,0,0:0:0:0:
448,192,25984,1,0,0:0:0:0:
192,192,26151,1,0,0:0:0:0:
320,192,26151,1,0,0:0:0:0:
448,192,26151,1,0,0:0:0:0:
64,192,26151,128,0,26817:0:0:0:0:
192,192,26484,128,0,26817:0:0:0:0:
448,192,26817,1,0,0:0:0:0:
320,192,26984,1,0,0:0:0:0:
448,192,26984,1,0,0:0:0:0:
192,192,27151,1,0,0:0:0:0:
320,192,27151,1,0,0:0:0:0:
448,192,27151,1,0,0:0:0:0:
64,192,27317,1,0,0:0:0:0:
64,192,27484,1,0,0:0:0:0:
448,192,27484,1,0,0:0:0:0:
192,192,27651,1,0,0:0:0:0:
64,192,27651,1,0,0:0:0:0:
320,192,27817,1,0,0:0:0:0:
192,192,27817,1,0,0:0:0:0:
64,192,27817,1,0,0:0:0:0:
192,192,28151,1,0,0:0:0:0:
320,192,28151,1,0,0:0:0:0:
64,192,28151,1,0,0:0:0:0:
64,192,28317,1,0,0:0:0:0:
320,192,28317,1,0,0:0:0:0:
64,192,28484,1,0,0:0:0:0:
448,192,28484,1,0,0:0:0:0:
64,192,28651,1,0,0:0:0:0:
320,192,28651,1,0,0:0:0:0:
320,192,28817,1,0,0:0:0:0:
192,192,28817,1,0,0:0:0:0:
320,192,28984,1,0,0:0:0:0:
448,192,28984,1,0,0:0:0:0:
64,192,29151,1,0,0:0:0:0:
320,192,29151,1,0,0:0:0:0:
448,192,29317,1,0,0:0:0:0:
320,192,29317,1,0,0:0:0:0:
192,192,29484,1,0,0:0:0:0:
64,192,29484,1,0,0:0:0:0:
448,192,29484,1,0,0:0:0:0:
320,192,29817,1,0,0:0:0:0:
64,192,30151,1,0,0:0:0:0:
320,192,30151,1,0,0:0:0:0:
448,192,30151,1,0,0:0:0:0:
320,192,30484,1,0,0:0:0:0:
64,192,30817,1,0,0:0:0:0:
192,192,30817,1,0,0:0:0:0:
320,192,30817,1,0,0:0:0:0:
448,192,30817,1,0,0:0:0:0:
64,192,30984,1,0,0:0:0:0:
192,192,30984,1,0,0:0:0:0:
320,192,30984,1,0,0:0:0:0:
448,192,30984,1,0,0:0:0:0:
64,192,31151,1,0,0:0:0:0:
192,192,31151,1,0,0:0:0:0:
320,192,31151,1,0,0:0:0:0:
448,192,31151,1,0,0:0:0:0:
64,192,31317,1,0,0:0:0:0:
192,192,31317,1,0,0:0:0:0:
320,192,31317,1,0,0:0:0:0:
448,192,31317,1,0,0:0:0:0:
64,192,31484,1,0,0:0:0:0:
192,192,31484,1,0,0:0:0:0:
320,192,31484,1,0,0:0:0:0:
448,192,31484,1,0,0:0:0:0:
64,192,31817,1,0,0:0:0:0:
320,192,31817,1,0,0:0:0:0:
64,192,32151,1,0,0:0:0:0:
192,192,32151,1,0,0:0:0:0:
320,192,32151,1,0,0:0:0:0:
448,192,32151,1,0,0:0:0:0:
64,192,32317,1,0,0:0:0:0:
192,192,32317,1,0,0:0:0:0:
320,192,32317,1,0,0:0:0:0:
64,192,32484,1,0,0:0:0:0:
192,192,32484,1,0,0:0:0:0:
448,192,32484,1,0,0:0:0:0:
64,192,32651,1,0,0:0:0:0:
320,192,32651,1,0,0:0:0:0:
448,192,32651,1,0,0:0:0:0:
320,192,32817,1,0,0:0:0:0:
192,192,32817,1,0,0:0:0:0:
64,192,32817,1,0,0:0:0:0:
448,192,32984,1,0,0:0:0:0:
320,192,32984,1,0,0:0:0:0:
192,192,32984,1,0,0:0:0:0:
320,192,33151,1,0,0:0:0:0:
192,192,33151,1,0,0:0:0:0:
64,192,33151,1,0,0:0:0:0:
192,192,33317,1,0,0:0:0:0:
320,192,33317,1,0,0:0:0:0:
448,192,33317,1,0,0:0:0:0:
64,192,33484,1,0,0:0:0:0:
320,192,33484,1,0,0:0:0:0:
192,192,33484,1,0,0:0:0:0:
320,192,33651,1,0,0:0:0:0:
64,192,33651,1,0,0:0:0:0:
448,192,33817,1,0,0:0:0:0:
192,192,33817,1,0,0:0:0:0:
64,192,33984,1,0,0:0:0:0:
320,192,33984,1,0,0:0:0:0:
192,192,34151,1,0,0:0:0:0:
448,192,34151,1,0,0:0:0:0:
192,192,34317,1,0,0:0:0:0:
448,192,34317,1,0,0:0:0:0:
64,192,34317,1,0,0:0:0:0:
320,192,34484,1,0,0:0:0:0:
64,192,34484,1,0,0:0:0:0:
448,192,34484,1,0,0:0:0:0:
192,192,34651,1,0,0:0:0:0:
448,192,34651,1,0,0:0:0:0:
64,192,34651,1,0,0:0:0:0:
64,192,34817,1,0,0:0:0:0:
320,192,34817,1,0,0:0:0:0:
448,192,34817,1,0,0:0:0:0:
64,192,34984,1,0,0:0:0:0:
64,192,35151,1,0,0:0:0:0:
320,192,35151,1,0,0:0:0:0:
448,192,35151,1,0,0:0:0:0:
64,192,35317,1,0,0:0:0:0:
64,192,35484,1,0,0:0:0:0:
320,192,35484,1,0,0:0:0:0:
320,192,35651,1,0,0:0:0:0:
320,192,35817,1,0,0:0:0:0:
192,192,35817,1,0,0:0:0:0:
64,192,35817,1,0,0:0:0:0:
320,192,35984,1,0,0:0:0:0:
64,192,36151,1,0,0:0:0:0:
192,192,36151,1,0,0:0:0:0:
448,192,36151,1,0,0:0:0:0:
320,192,36151,1,0,0:0:0:0:
64,192,36317,1,0,0:0:0:0:
192,192,36317,1,0,0:0:0:0:
320,192,36317,1,0,0:0:0:0:
448,192,36317,1,0,0:0:0:0:
64,192,36484,1,0,0:0:0:0:
192,192,36484,1,0,0:0:0:0:
320,192,36484,1,0,0:0:0:0:
448,192,36484,1,0,0:0:0:0:
64,192,36651,1,0,0:0:0:0:
192,192,36651,1,0,0:0:0:0:
320,192,36651,1,0,0:0:0:0:
448,192,36651,1,0,0:0:0:0:
64,192,36817,1,0,0:0:0:0:
192,192,36817,1,0,0:0:0:0:
320,192,36817,1,0,0:0:0:0:
192,192,36984,1,0,0:0:0:0:
448,192,36984,1,0,0:0:0:0:
320,192,37151,1,0,0:0:0:0:
448,192,37151,1,0,0:0:0:0:
192,192,37151,1,0,0:0:0:0:
64,192,37317,1,0,0:0:0:0:
320,192,37317,1,0,0:0:0:0:
448,192,37484,1,0,0:0:0:0:
64,192,37484,1,0,0:0:0:0:
192,192,37484,1,0,0:0:0:0:
192,192,37651,1,0,0:0:0:0:
320,192,37651,1,0,0:0:0:0:
320,192,37817,1,0,0:0:0:0:
448,192,37817,1,0,0:0:0:0:
64,192,37817,1,0,0:0:0:0:
448,192,37984,1,0,0:0:0:0:
192,192,37984,1,0,0:0:0:0:
64,192,38151,128,0,38817:0:0:0:0:
448,192,38151,1,0,0:0:0:0:
320,192,38151,1,0,0:0:0:0:
448,192,38317,1,0,0:0:0:0:
192,192,38317,1,0,0:0:0:0:
192,192,38484,128,0,38817:0:0:0:0:
448,192,38484,1,0,0:0:0:0:
320,192,38484,1,0,0:0:0:0:
448,192,38651,1,0,0:0:0:0:
320,192,38817,1,0,0:0:0:0:
192,192,38984,1,0,0:0:0:0:
320,192,38984,1,0,0:0:0:0:
64,192,38984,1,0,0:0:0:0:
64,192,39151,1,0,0:0:0:0:
192,192,39151,1,0,0:0:0:0:
448,192,39151,1,0,0:0:0:0:
320,192,39317,1,0,0:0:0:0:
448,192,39317,1,0,0:0:0:0:
192,192,39317,1,0,0:0:0:0:
64,192,39484,1,0,0:0:0:0:
320,192,39484,1,0,0:0:0:0:
448,192,39484,1,0,0:0:0:0:
448,192,39651,1,0,0:0:0:0:
192,192,39651,1,0,0:0:0:0:
64,192,39651,1,0,0:0:0:0:
64,192,39817,1,0,0:0:0:0:
192,192,39817,1,0,0:0:0:0:
320,192,39817,1,0,0:0:0:0:
192,192,39984,1,0,0:0:0:0:
64,192,39984,1,0,0:0:0:0:
448,192,39984,1,0,0:0:0:0:
192,192,40151,1,0,0:0:0:0:
64,192,40151,1,0,0:0:0:0:
448,192,40151,128,0,40817:0:0:0:0:
320,192,40317,1,0,0:0:0:0:
64,192,40317,1,0,0:0:0:0:
64,192,40484,1,0,0:0:0:0:
320,192,40484,1,0,0:0:0:0:
192,192,40484,1,0,0:0:0:0:
192,192,40651,1,0,0:0:0:0:
64,192,40817,128,0,41484:0:0:0:0:
320,192,40817,1,0,0:0:0:0:
320,192,40984,1,0,0:0:0:0:
320,192,41151,1,0,0:0:0:0:
448,192,41151,1,0,0:0:0:0:
192,192,41317,128,0,41484:0:0:0:0:
448,192,41317,1,0,0:0:0:0:
320,192,41484,128,0,42817:0:0:0:0:
448,192,41651,1,0,0:0:0:0:
192,192,41651,1,0,0:0:0:0:
192,192,41817,1,0,0:0:0:0:
64,192,41817,1,0,0:0:0:0:
64,192,41984,1,0,0:0:0:0:
448,192,41984,1,0,0:0:0:0:
192,192,42151,128,0,42817:0:0:0:0:
448,192,42151,1,0,0:0:0:0:
64,192,42317,1,0,0:0:0:0:
448,192,42484,1,0,0:0:0:0:
64,192,42651,1,0,0:0:0:0:
64,192,42817,128,0,44151:0:0:0:0:
192,192,42984,1,0,0:0:0:0:
320,192,43151,1,0,0:0:0:0:
448,192,43151,1,0,0:0:0:0:
192,192,43151,1,0,0:0:0:0:
320,192,43317,1,0,0:0:0:0:
192,192,43484,128,0,44151:0:0:0:0:
320,192,43651,1,0,0:0:0:0:
320,192,43817,1,0,0:0:0:0:
448,192,43817,1,0,0:0:0:0:
320,192,43984,128,0,44151:0:0:0:0:
448,192,44151,128,0,44817:0:0:0:0:
320,192,44317,1,0,0:0:0:0:
192,192,44317,1,0,0:0:0:0:
64,192,44317,1,0,0:0:0:0:
64,192,44484,1,0,0:0:0:0:
192,192,44484,1,0,0:0:0:0:
64,192,44651,1,0,0:0:0:0:
320,192,44817,128,0,45484:0:0:0:0:
192,192,44817,1,0,0:0:0:0:
64,192,44817,1,0,0:0:0:0:
192,192,44984,1,0,0:0:0:0:
448,192,44984,1,0,0:0:0:0:
448,192,45151,1,0,0:0:0:0:
192,192,45317,1,0,0:0:0:0:
64,192,45317,1,0,0:0:0:0:
64,192,45484,1,0,0:0:0:0:
192,192,45484,128,0,46151:0:0:0:0:
64,192,45651,1,0,0:0:0:0:
64,192,45817,1,0,0:0:0:0:
64,192,45984,1,0,0:0:0:0:
448,192,46151,1,0,0:0:0:0:
64,192,46151,128,0,46817:0:0:0:0:
448,192,46317,1,0,0:0:0:0:
448,192,46484,1,0,0:0:0:0:
448,192,46651,1,0,0:0:0:0:
192,192,46651,128,0,46817:0:0:0:0:
448,192,46817,1,0,0:0:0:0:
320,192,46817,1,0,0:0:0:0:
64,192,46984,1,0,0:0:0:0:
192,192,46984,1,0,0:0:0:0:
320,192,46984,1,0,0:0:0:0:
448,192,46984,1,0,0:0:0:0:
64,192,47151,1,0,0:0:0:0:
192,192,47151,1,0,0:0:0:0:
320,192,47151,1,0,0:0:0:0:
448,192,47151,1,0,0:0:0:0:
64,192,47317,1,0,0:0:0:0:
192,192,47317,1,0,0:0:0:0:
320,192,47317,1,0,0:0:0:0:
448,192,47317,1,0,0:0:0:0:
320,192,47484,128,0,47651:0:0:0:0:
448,192,47484,128,0,47651:0:0:0:0:
64,192,47484,128,0,47651:0:0:0:0:
192,192,47484,128,0,47651:0:0:0:0:
320,192,47651,128,0,47817:0:0:0:0:
448,192,47651,128,0,47817:0:0:0:0:
64,192,47651,128,0,47817:0:0:0:0:
192,192,47651,128,0,47817:0:0:0:0:
320,192,47817,128,0,47984:0:0:0:0:
448,192,47817,128,0,47984:0:0:0:0:
192,192,47817,128,0,47984:0:0:0:0:
64,192,47817,128,0,47984:0:0:0:0:
320,192,47984,128,0,48151:0:0:0:0:
448,192,47984,128,0,48151:0:0:0:0:
64,192,47984,128,0,48151:0:0:0:0:
192,192,47984,128,0,48151:0:0:0:0:
192,192,48151,1,0,0:0:0:0:
64,192,48151,1,0,0:0:0:0:
192,192,48317,1,0,0:0:0:0:
320,192,48317,1,0,0:0:0:0:
320,192,48484,1,0,0:0:0:0:
192,192,48484,1,0,0:0:0:0:
448,192,48651,1,0,0:0:0:0:
320,192,48651,1,0,0:0:0:0:
320,192,48817,1,0,0:0:0:0:
448,192,48817,128,0,49484:0:0:0:0:
192,192,48984,1,0,0:0:0:0:
64,192,49151,128,0,49484:0:0:0:0:
192,192,49151,1,0,0:0:0:0:
320,192,49151,1,0,0:0:0:0:
192,192,49317,1,0,0:0:0:0:
320,192,49484,1,0,0:0:0:0:
64,192,49651,1,0,0:0:0:0:
192,192,49651,1,0,0:0:0:0:
320,192,49817,1,0,0:0:0:0:
64,192,49817,1,0,0:0:0:0:
448,192,49984,1,0,0:0:0:0:
192,192,49984,1,0,0:0:0:0:
64,192,49984,1,0,0:0:0:0:
64,192,50151,1,0,0:0:0:0:
320,192,50151,1,0,0:0:0:0:
192,192,50317,1,0,0:0:0:0:
320,192,50317,1,0,0:0:0:0:
320,192,50484,1,0,0:0:0:0:
64,192,50484,1,0,0:0:0:0:
448,192,50651,1,0,0:0:0:0:
192,192,50651,1,0,0:0:0:0:
320,192,50651,1,0,0:0:0:0:
320,192,50817,1,0,0:0:0:0:
192,192,50817,1,0,0:0:0:0:
192,192,50984,1,0,0:0:0:0:
64,192,51151,1,0,0:0:0:0:
192,192,51151,1,0,0:0:0:0:
192,192,51317,1,0,0:0:0:0:
320,192,51484,1,0,0:0:0:0:
448,192,51484,1,0,0:0:0:0:
448,192,51651,1,0,0:0:0:0:
320,192,51817,1,0,0:0:0:0:
448,192,51817,1,0,0:0:0:0:
192,192,51984,1,0,0:0:0:0:
448,192,51984,1,0,0:0:0:0:
320,192,51984,128,0,52151:0:0:0:0:
64,192,52151,1,0,0:0:0:0:
192,192,52317,1,0,0:0:0:0:
64,192,52317,1,0,0:0:0:0:
320,192,52484,1,0,0:0:0:0:
64,192,52484,1,0,0:0:0:0:
448,192,52651,1,0,0:0:0:0:
64,192,52651,1,0,0:0:0:0:
320,192,52817,1,0,0:0:0:0:
192,192,52817,1,0,0:0:0:0:
192,192,52984,1,0,0:0:0:0:
64,192,53151,1,0,0:0:0:0:
192,192,53151,1,0,0:0:0:0:
192,192,53317,1,0,0:0:0:0:
320,192,53484,1,0,0:0:0:0:
448,192,53651,1,0,0:0:0:0:
320,192,53651,1,0,0:0:0:0:
320,192,53817,1,0,0:0:0:0:
192,192,53984,1,0,0:0:0:0:
320,192,53984,1,0,0:0:0:0:
64,192,54151,1,0,0:0:0:0:
448,192,54151,1,0,0:0:0:0:
192,192,54317,1,0,0:0:0:0:
448,192,54317,1,0,0:0:0:0:
320,192,54484,1,0,0:0:0:0:
448,192,54484,1,0,0:0:0:0:
448,192,54651,1,0,0:0:0:0:
64,192,54651,128,0,54817:0:0:0:0:
320,192,54817,1,0,0:0:0:0:
448,192,54817,1,0,0:0:0:0:
192,192,54984,1,0,0:0:0:0:
320,192,54984,1,0,0:0:0:0:
64,192,55151,1,0,0:0:0:0:
192,192,55151,1,0,0:0:0:0:
192,192,55317,1,0,0:0:0:0:
64,192,55317,1,0,0:0:0:0:
320,192,55484,1,0,0:0:0:0:
192,192,55484,1,0,0:0:0:0:
448,192,55651,1,0,0:0:0:0:
320,192,55651,1,0,0:0:0:0:
320,192,55817,1,0,0:0:0:0:
448,192,55817,1,0,0:0:0:0:
192,192,55984,1,0,0:0:0:0:
320,192,55984,1,0,0:0:0:0:
64,192,56151,128,0,56817:0:0:0:0:
192,192,56317,1,0,0:0:0:0:
320,192,56484,1,0,0:0:0:0:
448,192,56651,1,0,0:0:0:0:
320,192,56817,1,0,0:0:0:0:
448,192,56817,128,0,57484:0:0:0:0:
192,192,56984,1,0,0:0:0:0:
64,192,57151,1,0,0:0:0:0:
192,192,57317,1,0,0:0:0:0:
320,192,57484,1,0,0:0:0:0:
448,192,57484,1,0,0:0:0:0:
448,192,57651,1,0,0:0:0:0:
320,192,57651,1,0,0:0:0:0:
320,192,57817,1,0,0:0:0:0:
448,192,57817,1,0,0:0:0:0:
320,192,57984,1,0,0:0:0:0:
448,192,57984,1,0,0:0:0:0:
64,192,57984,1,0,0:0:0:0:
192,192,58151,1,0,0:0:0:0:
64,192,58151,1,0,0:0:0:0:
192,192,58317,1,0,0:0:0:0:
64,192,58317,1,0,0:0:0:0:
320,192,58317,1,0,0:0:0:0:
192,192,58484,1,0,0:0:0:0:
64,192,58484,1,0,0:0:0:0:
320,192,58484,1,0,0:0:0:0:
448,192,58484,1,0,0:0:0:0:
192,192,58651,1,0,0:0:0:0:
64,192,58651,1,0,0:0:0:0:
320,192,58651,1,0,0:0:0:0:
448,192,58651,1,0,0:0:0:0:
448,192,58817,1,0,0:0:0:0:
192,192,58984,1,0,0:0:0:0:
320,192,59151,1,0,0:0:0:0:
64,192,59317,1,0,0:0:0:0:
192,192,59484,1,0,0:0:0:0:
320,192,59651,1,0,0:0:0:0:
448,192,59817,1,0,0:0:0:0:
192,192,59817,1,0,0:0:0:0:
64,192,59984,1,0,0:0:0:0:
192,192,59984,1,0,0:0:0:0:
320,192,60151,1,0,0:0:0:0:
448,192,60151,1,0,0:0:0:0:
64,192,60317,1,0,0:0:0:0:
192,192,60317,1,0,0:0:0:0:
320,192,60484,1,0,0:0:0:0:
448,192,60484,1,0,0:0:0:0:
64,192,60484,1,0,0:0:0:0:
192,192,60651,1,0,0:0:0:0:
320,192,60651,1,0,0:0:0:0:
64,192,60817,1,0,0:0:0:0:
448,192,60817,1,0,0:0:0:0:
192,192,60817,1,0,0:0:0:0:
192,192,60984,1,0,0:0:0:0:
320,192,60984,1,0,0:0:0:0:
64,192,61151,1,0,0:0:0:0:
448,192,61151,1,0,0:0:0:0:
192,192,61151,1,0,0:0:0:0:
192,192,61484,1,0,0:0:0:0:
320,192,61484,1,0,0:0:0:0:
448,192,61595,1,0,0:0:0:0:
64,192,61595,1,0,0:0:0:0:
192,192,61706,1,0,0:0:0:0:
64,192,61706,1,0,0:0:0:0:
448,192,61817,1,0,0:0:0:0:
320,192,61817,1,0,0:0:0:0:
448,192,61928,1,0,0:0:0:0:
320,192,62039,1,0,0:0:0:0:
192,192,62151,128,0,62484:0:0:0:0:
320,192,62484,128,0,62817:0:0:0:0:
64,192,62817,1,0,0:0:0:0:
192,192,62817,1,0,0:0:0:0:
448,192,62817,1,0,0:0:0:0:
64,192,62984,1,0,0:0:0:0:
192,192,62984,1,0,0:0:0:0:
320,192,62984,1,0,0:0:0:0:
448,192,62984,1,0,0:0:0:0:
64,192,63151,1,0,0:0:0:0:
192,192,63151,1,0,0:0:0:0:
320,192,63151,1,0,0:0:0:0:
448,192,63151,1,0,0:0:0:0:
64,192,63317,1,0,0:0:0:0:
192,192,63317,1,0,0:0:0:0:
320,192,63317,1,0,0:0:0:0:
448,192,63317,1,0,0:0:0:0:
64,192,63484,1,0,0:0:0:0:
192,192,63484,1,0,0:0:0:0:
320,192,63484,1,0,0:0:0:0:
448,192,63484,1,0,0:0:0:0:
192,192,63817,1,0,0:0:0:0:
320,192,63817,1,0,0:0:0:0:
64,192,64151,1,0,0:0:0:0:
192,192,64317,1,0,0:0:0:0:
320,192,64317,1,0,0:0:0:0:
320,192,64484,1,0,0:0:0:0:
448,192,64484,1,0,0:0:0:0:
448,192,64651,1,0,0:0:0:0:
192,192,64817,1,0,0:0:0:0:
320,192,64817,1,0,0:0:0:0:
448,192,64984,1,0,0:0:0:0:
192,192,64984,1,0,0:0:0:0:
320,192,65151,1,0,0:0:0:0:
64,192,65151,1,0,0:0:0:0:
192,192,65151,1,0,0:0:0:0:
64,192,65317,1,0,0:0:0:0:
320,192,65317,1,0,0:0:0:0:
448,192,65317,1,0,0:0:0:0:
448,192,65484,1,0,0:0:0:0:
320,192,65484,1,0,0:0:0:0:
448,192,65567,1,0,0:0:0:0:
192,192,65651,1,0,0:0:0:0:
320,192,65651,1,0,0:0:0:0:
192,192,65734,1,0,0:0:0:0:
448,192,65817,1,0,0:0:0:0:
64,192,65817,1,0,0:0:0:0:
320,192,65901,1,0,0:0:0:0:
64,192,65984,1,0,0:0:0:0:
192,192,65984,1,0,0:0:0:0:
192,192,66067,1,0,0:0:0:0:
320,192,66151,1,0,0:0:0:0:
448,192,66151,1,0,0:0:0:0:
320,192,66234,1,0,0:0:0:0:
64,192,66317,1,0,0:0:0:0:
64,192,66401,1,0,0:0:0:0:
192,192,66401,1,0,0:0:0:0:
448,192,66484,1,0,0:0:0:0:
320,192,66567,1,0,0:0:0:0:
64,192,66567,1,0,0:0:0:0:
320,192,66734,1,0,0:0:0:0:
448,192,66734,1,0,0:0:0:0:
448,192,66817,1,0,0:0:0:0:
64,192,66817,1,0,0:0:0:0:
192,192,66984,1,0,0:0:0:0:
320,192,67151,1,0,0:0:0:0:
448,192,67317,1,0,0:0:0:0:
320,192,67484,1,0,0:0:0:0:
192,192,67484,1,0,0:0:0:0:
64,192,67484,1,0,0:0:0:0:
448,192,67484,1,0,0:0:0:0:
320,192,67651,1,0,0:0:0:0:
320,192,67817,1,0,0:0:0:0:
192,192,67901,1,0,0:0:0:0:
64,192,68067,1,0,0:0:0:0:
192,192,68151,1,0,0:0:0:0:
320,192,68151,1,0,0:0:0:0:
448,192,68151,1,0,0:0:0:0:
64,192,68317,1,0,0:0:0:0:
192,192,68317,1,0,0:0:0:0:
320,192,68317,1,0,0:0:0:0:
320,192,68484,1,0,0:0:0:0:
448,192,68484,1,0,0:0:0:0:
192,192,68484,1,0,0:0:0:0:
64,192,68651,1,0,0:0:0:0:
192,192,68651,1,0,0:0:0:0:
448,192,68817,1,0,0:0:0:0:
320,192,68817,1,0,0:0:0:0:
192,192,69151,128,0,69484:0:0:0:0:
192,192,69484,1,0,0:0:0:0:
320,192,69484,1,0,0:0:0:0:
64,192,69484,1,0,0:0:0:0:
320,192,69595,1,0,0:0:0:0:
192,192,69706,1,0,0:0:0:0:
448,192,69817,1,0,0:0:0:0:
192,192,69928,1,0,0:0:0:0:
320,192,70039,1,0,0:0:0:0:
64,192,70151,1,0,0:0:0:0:
192,192,70151,1,0,0:0:0:0:
320,192,70262,1,0,0:0:0:0:
448,192,70262,1,0,0:0:0:0:
192,192,70373,1,0,0:0:0:0:
320,192,70373,1,0,0:0:0:0:
64,192,70484,1,0,0:0:0:0:
192,192,70484,1,0,0:0:0:0:
448,192,70567,1,0,0:0:0:0:
320,192,70706,1,0,0:0:0:0:
64,192,70706,1,0,0:0:0:0:
448,192,70817,1,0,0:0:0:0:
192,192,70817,1,0,0:0:0:0:
320,192,70928,1,0,0:0:0:0:
64,192,70928,1,0,0:0:0:0:
192,192,71039,1,0,0:0:0:0:
448,192,71039,1,0,0:0:0:0:
320,192,71151,1,0,0:0:0:0:
64,192,71151,1,0,0:0:0:0:
448,192,71262,1,0,0:0:0:0:
64,192,71262,1,0,0:0:0:0:
192,192,71373,1,0,0:0:0:0:
320,192,71373,1,0,0:0:0:0:
448,192,71484,1,0,0:0:0:0:
64,192,71484,1,0,0:0:0:0:
192,192,71484,1,0,0:0:0:0:
320,192,71595,1,0,0:0:0:0:
192,192,71595,1,0,0:0:0:0:
320,192,71706,1,0,0:0:0:0:
448,192,71706,1,0,0:0:0:0:
64,192,71817,1,0,0:0:0:0:
64,192,71984,1,0,0:0:0:0:
192,192,71984,1,0,0:0:0:0:
64,192,72151,1,0,0:0:0:0:
192,192,72151,1,0,0:0:0:0:
320,192,72151,1,0,0:0:0:0:
192,192,72484,1,0,0:0:0:0:
320,192,72817,1,0,0:0:0:0:
448,192,72817,1,0,0:0:0:0:
192,192,72817,1,0,0:0:0:0:
320,192,73151,1,0,0:0:0:0:
64,192,73484,1,0,0:0:0:0:
192,192,73651,1,0,0:0:0:0:
64,192,73651,1,0,0:0:0:0:
320,192,73817,1,0,0:0:0:0:
64,192,73817,1,0,0:0:0:0:
192,192,73817,1,0,0:0:0:0:
448,192,73984,1,0,0:0:0:0:
64,192,73984,1,0,0:0:0:0:
192,192,73984,1,0,0:0:0:0:
320,192,73984,1,0,0:0:0:0:
192,192,74151,1,0,0:0:0:0:
448,192,74151,1,0,0:0:0:0:
64,192,74151,1,0,0:0:0:0:
320,192,74317,1,0,0:0:0:0:
64,192,74317,1,0,0:0:0:0:
448,192,74317,1,0,0:0:0:0:
64,192,74484,1,0,0:0:0:0:
192,192,74484,1,0,0:0:0:0:
448,192,74484,1,0,0:0:0:0:
192,192,74651,1,0,0:0:0:0:
320,192,74651,1,0,0:0:0:0:
448,192,74651,1,0,0:0:0:0:
448,192,74734,1,0,0:0:0:0:
64,192,74817,128,0,74984:0:0:0:0:
192,192,74984,128,0,75151:0:0:0:0:
320,192,75151,128,0,75317:0:0:0:0:
448,192,75317,128,0,75484:0:0:0:0:
320,192,75484,128,0,75651:0:0:0:0:
64,192,75817,128,0,76151:0:0:0:0:
320,192,76151,128,0,77484:0:0:0:0:
192,192,76817,128,0,77484:0:0:0:0:
64,192,77484,128,0,78817:0:0:0:0:
448,192,78151,128,0,78817:0:0:0:0:
320,192,78651,128,0,78817:0:0:0:0:
192,192,78817,128,0,80151:0:0:0:0:
448,192,79484,128,0,80151:0:0:0:0:
64,192,80151,128,0,81484:0:0:0:0:
192,192,80817,128,0,81484:0:0:0:0:
320,192,81317,128,0,81484:0:0:0:0:
448,192,81484,128,0,82817:0:0:0:0:
320,192,82151,128,0,82817:0:0:0:0:
64,192,82817,128,0,84151:0:0:0:0:
192,192,82817,128,0,84151:0:0:0:0:
320,192,83484,128,0,84151:0:0:0:0:
448,192,83984,1,0,0:0:0:0:
64,192,84151,128,0,85484:0:0:0:0:
448,192,84151,128,0,85484:0:0:0:0:
192,192,84817,1,0,0:0:0:0:
320,192,84817,1,0,0:0:0:0:
192,192,84984,1,0,0:0:0:0:
320,192,84984,1,0,0:0:0:0:
192,192,85151,1,0,0:0:0:0:
320,192,85151,1,0,0:0:0:0:
192,192,85317,1,0,0:0:0:0:
320,192,85317,1,0,0:0:0:0:
192,192,85484,1,0,0:0:0:0:
320,192,85484,1,0,0:0:0:0:
64,192,85651,1,0,0:0:0:0:
192,192,85651,1,0,0:0:0:0:
320,192,85817,1,0,0:0:0:0:
448,192,85817,1,0,0:0:0:0:
64,192,85984,1,0,0:0:0:0:
448,192,85984,1,0,0:0:0:0:
192,192,86151,128,0,86817:0:0:0:0:
448,192,86151,128,0,86817:0:0:0:0:
64,192,86484,128,0,86817:0:0:0:0:
320,192,86484,128,0,86817:0:0:0:0:
64,192,86817,128,0,87484:0:0:0:0:
320,192,86817,1,0,0:0:0:0:
320,192,86984,1,0,0:0:0:0:
448,192,86984,1,0,0:0:0:0:
192,192,87151,1,0,0:0:0:0:
320,192,87151,1,0,0:0:0:0:
320,192,87317,1,0,0:0:0:0:
448,192,87317,1,0,0:0:0:0:
192,192,87484,1,0,0:0:0:0:
320,192,87484,1,0,0:0:0:0:
448,192,87484,128,0,88151:0:0:0:0:
64,192,87651,1,0,0:0:0:0:
192,192,87651,1,0,0:0:0:0:
192,192,87817,1,0,0:0:0:0:
320,192,87817,1,0,0:0:0:0:
64,192,87984,1,0,0:0:0:0:
192,192,87984,1,0,0:0:0:0:
320,192,88151,1,0,0:0:0:0:
64,192,88151,1,0,0:0:0:0:
192,192,88151,128,0,88817:0:0:0:0:
64,192,88484,1,0,0:0:0:0:
320,192,88484,1,0,0:0:0:0:
320,192,88817,128,0,89234:0:0:0:0:
192,192,89151,1,0,0:0:0:0:
64,192,89151,1,0,0:0:0:0:
448,192,89317,128,0,89484:0:0:0:0:
192,192,89484,128,0,90817:0:0:0:0:
64,192,89484,1,0,0:0:0:0:
64,192,89651,1,0,0:0:0:0:
64,192,89817,1,0,0:0:0:0:
320,192,89817,1,0,0:0:0:0:
64,192,89984,1,0,0:0:0:0:
448,192,89984,1,0,0:0:0:0:
64,192,90151,128,0,90817:0:0:0:0:
320,192,90317,1,0,0:0:0:0:
320,192,90484,1,0,0:0:0:0:
448,192,90484,1,0,0:0:0:0:
448,192,90651,1,0,0:0:0:0:
320,192,90817,128,0,92151:0:0:0:0:
192,192,91151,1,0,0:0:0:0:
192,192,91484,1,0,0:0:0:0:
448,192,91484,1,0,0:0:0:0:
64,192,91484,1,0,0:0:0:0:
192,192,91651,1,0,0:0:0:0:
192,192,91817,128,0,92151:0:0:0:0:
448,192,91984,128,0,92151:0:0:0:0:
64,192,92151,128,0,92817:0:0:0:0:
192,192,92317,1,0,0:0:0:0:
448,192,92484,1,0,0:0:0:0:
192,192,92651,1,0,0:0:0:0:
448,192,92817,128,0,93484:0:0:0:0:
320,192,92817,1,0,0:0:0:0:
192,192,92984,1,0,0:0:0:0:
64,192,93151,1,0,0:0:0:0:
320,192,93151,1,0,0:0:0:0:
192,192,93317,1,0,0:0:0:0:
64,192,93484,128,0,94151:0:0:0:0:
320,192,93484,1,0,0:0:0:0:
192,192,93651,1,0,0:0:0:0:
448,192,93817,1,0,0:0:0:0:
192,192,93817,1,0,0:0:0:0:
192,192,93984,1,0,0:0:0:0:
192,192,94151,128,0,94817:0:0:0:0:
320,192,94151,1,0,0:0:0:0:
64,192,94317,1,0,0:0:0:0:
448,192,94484,1,0,0:0:0:0:
320,192,94651,128,0,94817:0:0:0:0:
64,192,94651,1,0,0:0:0:0:
64,192,94817,128,0,94984:0:0:0:0:
448,192,94817,128,0,94984:0:0:0:0:
192,192,94984,128,0,95151:0:0:0:0:
448,192,94984,128,0,95151:0:0:0:0:
320,192,95151,128,0,95317:0:0:0:0:
448,192,95151,128,0,95317:0:0:0:0:
448,192,95317,128,0,95484:0:0:0:0:
64,192,95484,128,0,95651:0:0:0:0:
64,192,95651,128,0,95817:0:0:0:0:
192,192,95651,128,0,95817:0:0:0:0:
64,192,95817,128,0,95984:0:0:0:0:
192,192,95817,128,0,95984:0:0:0:0:
320,192,95817,128,0,95984:0:0:0:0:
64,192,95984,128,0,96151:0:0:0:0:
192,192,95984,128,0,96151:0:0:0:0:
320,192,95984,128,0,96151:0:0:0:0:
448,192,95984,128,0,96151:0:0:0:0:
448,192,96151,1,0,0:0:0:0:
192,192,96484,1,0,0:0:0:0:
320,192,96484,1,0,0:0:0:0:
64,192,96817,1,0,0:0:0:0:
320,192,96817,1,0,0:0:0:0:
192,192,96817,1,0,0:0:0:0:
192,192,97151,1,0,0:0:0:0:
448,192,97151,1,0,0:0:0:0:
64,192,97484,1,0,0:0:0:0:
448,192,97484,1,0,0:0:0:0:
192,192,97484,1,0,0:0:0:0:
320,192,97484,1,0,0:0:0:0:
64,192,97651,1,0,0:0:0:0:
192,192,97651,1,0,0:0:0:0:
320,192,97651,1,0,0:0:0:0:
64,192,97817,1,0,0:0:0:0:
192,192,97817,1,0,0:0:0:0:
64,192,97984,1,0,0:0:0:0:
448,192,98151,1,0,0:0:0:0:
64,192,98151,1,0,0:0:0:0:
192,192,98151,1,0,0:0:0:0:
320,192,98151,1,0,0:0:0:0:
448,192,98317,1,0,0:0:0:0:
192,192,98317,1,0,0:0:0:0:
320,192,98317,1,0,0:0:0:0:
448,192,98484,1,0,0:0:0:0:
320,192,98484,1,0,0:0:0:0:
448,192,98651,1,0,0:0:0:0:
192,192,98817,1,0,0:0:0:0:
320,192,98817,1,0,0:0:0:0:
448,192,98817,1,0,0:0:0:0:
64,192,99151,1,0,0:0:0:0:
320,192,99151,1,0,0:0:0:0:
320,192,99484,1,0,0:0:0:0:
192,192,99484,1,0,0:0:0:0:
64,192,99484,1,0,0:0:0:0:
320,192,99817,1,0,0:0:0:0:
192,192,99817,1,0,0:0:0:0:
64,192,100151,1,0,0:0:0:0:
64,192,100317,1,0,0:0:0:0:
192,192,100317,1,0,0:0:0:0:
64,192,100484,1,0,0:0:0:0:
192,192,100484,1,0,0:0:0:0:
320,192,100484,1,0,0:0:0:0:
64,192,100651,1,0,0:0:0:0:
192,192,100651,1,0,0:0:0:0:
320,192,100651,1,0,0:0:0:0:
448,192,100651,1,0,0:0:0:0:
320,192,101151,1,0,0:0:0:0:
64,192,101151,1,0,0:0:0:0:
320,192,101484,1,0,0:0:0:0:
64,192,101484,1,0,0:0:0:0:
192,192,101484,1,0,0:0:0:0:
192,192,101817,1,0,0:0:0:0:
448,192,101817,1,0,0:0:0:0:
320,192,102151,1,0,0:0:0:0:
192,192,102151,1,0,0:0:0:0:
64,192,102151,1,0,0:0:0:0:
320,192,102484,1,0,0:0:0:0:
64,192,102484,1,0,0:0:0:0:
64,192,102817,1,0,0:0:0:0:
320,192,102817,1,0,0:0:0:0:
192,192,102817,1,0,0:0:0:0:
192,192,102984,1,0,0:0:0:0:
320,192,102984,1,0,0:0:0:0:
448,192,102984,1,0,0:0:0:0:
64,192,103151,1,0,0:0:0:0:
320,192,103151,1,0,0:0:0:0:
192,192,103151,1,0,0:0:0:0:
192,192,103317,1,0,0:0:0:0:
448,192,103317,1,0,0:0:0:0:
320,192,103317,1,0,0:0:0:0:
64,192,103484,1,0,0:0:0:0:
320,192,103484,1,0,0:0:0:0:
448,192,103484,1,0,0:0:0:0:
448,192,103651,1,0,0:0:0:0:
192,192,103651,1,0,0:0:0:0:
64,192,103651,1,0,0:0:0:0:
64,192,103817,1,0,0:0:0:0:
320,192,103817,1,0,0:0:0:0:
448,192,103817,1,0,0:0:0:0:
448,192,103984,1,0,0:0:0:0:
192,192,103984,1,0,0:0:0:0:
64,192,103984,1,0,0:0:0:0:
320,192,104151,1,0,0:0:0:0:
64,192,104151,1,0,0:0:0:0:
192,192,104151,1,0,0:0:0:0:
320,192,104484,1,0,0:0:0:0:
192,192,104484,1,0,0:0:0:0:
64,192,104817,1,0,0:0:0:0:
320,192,104817,1,0,0:0:0:0:
448,192,104817,1,0,0:0:0:0:
320,192,105151,1,0,0:0:0:0:
192,192,105484,1,0,0:0:0:0:
320,192,105484,1,0,0:0:0:0:
192,192,105651,1,0,0:0:0:0:
320,192,105651,1,0,0:0:0:0:
192,192,105817,1,0,0:0:0:0:
320,192,105817,1,0,0:0:0:0:
192,192,105984,1,0,0:0:0:0:
320,192,105984,1,0,0:0:0:0:
192,192,106151,1,0,0:0:0:0:
320,192,106151,1,0,0:0:0:0:
64,192,106484,1,0,0:0:0:0:
448,192,106484,1,0,0:0:0:0:
320,192,106817,1,0,0:0:0:0:
64,192,107151,1,0,0:0:0:0:
320,192,107484,1,0,0:0:0:0:
