osu file format v14

[General]
AudioFilename: audio.mp3
AudioLeadIn: 0
PreviewTime: -1
Countdown: 0
SampleSet: Normal
StackLeniency: 0.5
Mode: 3
LetterboxInBreaks: 0
SpecialStyle: 1
WidescreenStoryboard: 1

[Editor]
DistanceSpacing: 1.5
BeatDivisor: 8
GridSize: 4
TimelineZoom: 1.9

[Metadata]
Title:No More Innocence
TitleUnicode:No More Innocence
Artist:Lyfer MuSICK
ArtistUnicode:Lyfer MuSICK
Creator:Victor55555556
Version:NO MORE INNOCENCE
Source:
Tags:
BeatmapID:4156181
BeatmapSetID:1998135

[Difficulty]
HPDrainRate:10
CircleSize:4
OverallDifficulty:10
ApproachRate:5
SliderMultiplier:2.30000000596047
SliderTickRate:1

[Events]
//Background and Video events
Video,0,"FNF vs No More Innocence (Sonic.exe).mp4"
0,0,"bg2.png",0,0
//Break Periods
//Storyboard Layer 0 (Background)
//Storyboard Layer 1 (Fail)
//Storyboard Layer 2 (Pass)
//Storyboard Layer 3 (Foreground)
//Storyboard Layer 4 (Overlay)
//Storyboard Sound Samples

[TimingPoints]
0,295.566502463054,4,1,0,50,1,0


[HitObjects]
64,192,1182,5,0,0:0:0:0:
64,192,1330,1,0,0:0:0:0:
448,192,1477,1,0,0:0:0:0:
192,192,1625,1,0,0:0:0:0:
320,192,1773,128,0,2253:0:0:0:0:
64,192,2364,128,0,2844:0:0:0:0:
448,192,2955,128,0,3435:0:0:0:0:
192,192,3546,128,0,3694:0:0:0:0:
64,192,3842,1,0,0:0:0:0:
448,192,3990,1,0,0:0:0:0:
192,192,4137,128,0,4618:0:0:0:0:
448,192,4729,128,0,5209:0:0:0:0:
320,192,5320,128,0,5800:0:0:0:0:
64,192,5911,1,0,0:0:0:0:
64,192,6059,1,0,0:0:0:0:
448,192,6206,1,0,0:0:0:0:
192,192,6354,1,0,0:0:0:0:
320,192,6502,128,0,6982:0:0:0:0:
64,192,7093,128,0,7573:0:0:0:0:
448,192,7684,128,0,8165:0:0:0:0:
192,192,8275,128,0,8423:0:0:0:0:
64,192,8571,1,0,0:0:0:0:
448,192,8719,1,0,0:0:0:0:
192,192,8866,128,0,9347:0:0:0:0:
448,192,9458,128,0,9938:0:0:0:0:
320,192,10049,128,0,10529:0:0:0:0:
64,192,10640,1,0,0:0:0:0:
64,192,10788,1,0,0:0:0:0:
448,192,10935,128,0,11083:0:0:0:0:
192,192,11231,128,0,11379:0:0:0:0:
448,192,11527,128,0,11674:0:0:0:0:
320,192,11822,128,0,12155:0:0:0:0:
192,192,12266,128,0,12598:0:0:0:0:
64,192,12709,128,0,12857:0:0:0:0:
448,192,13004,128,0,13485:0:0:0:0:
192,192,13596,128,0,13743:0:0:0:0:
64,192,13891,1,0,0:0:0:0:
448,192,14039,1,0,0:0:0:0:
192,192,14187,128,0,14667:0:0:0:0:
320,192,14778,128,0,15258:0:0:0:0:
64,192,15369,1,0,0:0:0:0:
64,192,15517,1,0,0:0:0:0:
448,192,15665,128,0,15812:0:0:0:0:
192,192,15960,128,0,16108:0:0:0:0:
448,192,16256,128,0,16403:0:0:0:0:
320,192,16551,128,0,16810:0:0:0:0:
192,192,16995,128,0,17253:0:0:0:0:
64,192,17438,128,0,17623:0:0:0:0:
320,192,17733,128,0,18214:0:0:0:0:
448,192,17733,128,0,18214:0:0:0:0:
192,192,18325,128,0,18546:0:0:0:0:
64,192,18620,1,0,0:0:0:0:
448,192,18768,1,0,0:0:0:0:
320,192,18916,128,0,19396:0:0:0:0:
192,192,18916,128,0,19396:0:0:0:0:
448,192,19507,128,0,19987:0:0:0:0:
320,192,19507,128,0,19987:0:0:0:0:
192,192,20098,128,0,20246:0:0:0:0:
448,192,20394,1,0,0:0:0:0:
448,192,20541,1,0,0:0:0:0:
64,192,20689,128,0,20837:0:0:0:0:
320,192,20985,128,0,21133:0:0:0:0:
64,192,21280,1,0,0:0:0:0:
192,192,21428,1,0,0:0:0:0:
448,192,21502,1,0,0:0:0:0:
192,192,21650,1,0,0:0:0:0:
64,192,21798,1,0,0:0:0:0:
320,192,21871,1,0,0:0:0:0:
192,192,22019,1,0,0:0:0:0:
448,192,22167,1,0,0:0:0:0:
320,192,22315,1,0,0:0:0:0:
448,192,22463,1,0,0:0:0:0:
448,192,22610,1,0,0:0:0:0:
192,192,22684,1,0,0:0:0:0:
64,192,22832,1,0,0:0:0:0:
320,192,22980,1,0,0:0:0:0:
448,192,23128,1,0,0:0:0:0:
192,192,23275,1,0,0:0:0:0:
64,192,23349,1,0,0:0:0:0:
192,192,23423,1,0,0:0:0:0:
320,192,23497,1,0,0:0:0:0:
448,192,23571,1,0,0:0:0:0:
448,192,23645,1,0,0:0:0:0:
320,192,23793,1,0,0:0:0:0:
64,192,23940,1,0,0:0:0:0:
448,192,24088,1,0,0:0:0:0:
64,192,24236,128,0,24495:0:0:0:0:
192,192,24236,128,0,24495:0:0:0:0:
192,192,24532,128,0,24790:0:0:0:0:
320,192,24532,128,0,24790:0:0:0:0:
448,192,24532,128,0,24790:0:0:0:0:
64,192,24827,128,0,24975:0:0:0:0:
320,192,25123,1,0,0:0:0:0:
64,192,25270,1,0,0:0:0:0:
64,192,25418,1,0,0:0:0:0:
320,192,25566,1,0,0:0:0:0:
448,192,25714,1,0,0:0:0:0:
192,192,25788,1,0,0:0:0:0:
64,192,25862,1,0,0:0:0:0:
320,192,26009,1,0,0:0:0:0:
192,192,26083,1,0,0:0:0:0:
64,192,26157,1,0,0:0:0:0:
320,192,26231,1,0,0:0:0:0:
448,192,26305,1,0,0:0:0:0:
320,192,26379,1,0,0:0:0:0:
64,192,26527,1,0,0:0:0:0:
448,192,26674,1,0,0:0:0:0:
320,192,26674,1,0,0:0:0:0:
192,192,26822,1,0,0:0:0:0:
64,192,26822,1,0,0:0:0:0:
320,192,26970,1,0,0:0:0:0:
192,192,26970,1,0,0:0:0:0:
448,192,27118,1,0,0:0:0:0:
64,192,27118,1,0,0:0:0:0:
320,192,27192,1,0,0:0:0:0:
64,192,27339,1,0,0:0:0:0:
192,192,27487,1,0,0:0:0:0:
448,192,27635,1,0,0:0:0:0:
320,192,27709,1,0,0:0:0:0:
192,192,27783,128,0,27931:0:0:0:0:
64,192,28078,128,0,28226:0:0:0:0:
192,192,28374,128,0,28522:0:0:0:0:
448,192,28669,128,0,28817:0:0:0:0:
320,192,28965,128,0,29445:0:0:0:0:
192,192,28965,128,0,29445:0:0:0:0:
192,192,29556,1,0,0:0:0:0:
192,192,29630,1,0,0:0:0:0:
448,192,29778,1,0,0:0:0:0:
64,192,29926,1,0,0:0:0:0:
192,192,29999,1,0,0:0:0:0:
320,192,30073,1,0,0:0:0:0:
448,192,30221,1,0,0:0:0:0:
320,192,30295,1,0,0:0:0:0:
64,192,30369,1,0,0:0:0:0:
320,192,30443,1,0,0:0:0:0:
192,192,30517,1,0,0:0:0:0:
64,192,30591,1,0,0:0:0:0:
192,192,30665,1,0,0:0:0:0:
448,192,30738,128,0,30812:0:0:0:0:
320,192,30960,128,0,31034:0:0:0:0:
64,192,31182,1,0,0:0:0:0:
192,192,31330,128,0,31403:0:0:0:0:
320,192,31514,128,0,31588:0:0:0:0:
448,192,31699,128,0,31847:0:0:0:0:
192,192,31921,1,0,0:0:0:0:
192,192,31995,1,0,0:0:0:0:
448,192,32142,1,0,0:0:0:0:
64,192,32290,1,0,0:0:0:0:
192,192,32364,1,0,0:0:0:0:
320,192,32438,1,0,0:0:0:0:
448,192,32586,1,0,0:0:0:0:
320,192,32660,1,0,0:0:0:0:
64,192,32733,1,0,0:0:0:0:
320,192,32807,1,0,0:0:0:0:
192,192,32881,1,0,0:0:0:0:
64,192,32955,1,0,0:0:0:0:
192,192,33029,1,0,0:0:0:0:
448,192,33103,128,0,33177:0:0:0:0:
320,192,33325,128,0,33399:0:0:0:0:
64,192,33546,1,0,0:0:0:0:
192,192,33694,128,0,33768:0:0:0:0:
320,192,33916,128,0,33990:0:0:0:0:
448,192,34137,128,0,34248:0:0:0:0:
64,192,34285,1,0,0:0:0:0:
192,192,34359,1,0,0:0:0:0:
448,192,34433,1,0,0:0:0:0:
192,192,34507,1,0,0:0:0:0:
64,192,34581,1,0,0:0:0:0:
192,192,34729,1,0,0:0:0:0:
448,192,34876,1,0,0:0:0:0:
320,192,34950,1,0,0:0:0:0:
192,192,35024,1,0,0:0:0:0:
64,192,35172,1,0,0:0:0:0:
320,192,35246,1,0,0:0:0:0:
192,192,35320,1,0,0:0:0:0:
448,192,35394,1,0,0:0:0:0:
320,192,35467,1,0,0:0:0:0:
64,192,35578,1,0,0:0:0:0:
320,192,35689,1,0,0:0:0:0:
64,192,35800,1,0,0:0:0:0:
320,192,35911,1,0,0:0:0:0:
64,192,36022,1,0,0:0:0:0:
320,192,36133,1,0,0:0:0:0:
64,192,36243,1,0,0:0:0:0:
448,192,36317,1,0,0:0:0:0:
320,192,36465,1,0,0:0:0:0:
192,192,36650,128,0,37130:0:0:0:0:
320,192,37241,128,0,37721:0:0:0:0:
448,192,37832,128,0,38312:0:0:0:0:
320,192,38423,128,0,38903:0:0:0:0:
192,192,39014,128,0,39162:0:0:0:0:
320,192,39310,128,0,39458:0:0:0:0:
448,192,39605,128,0,40086:0:0:0:0:
192,192,39605,128,0,40086:0:0:0:0:
64,192,40197,128,0,40677:0:0:0:0:
192,192,40788,128,0,41268:0:0:0:0:
448,192,41379,128,0,41859:0:0:0:0:
64,192,41379,128,0,41859:0:0:0:0:
448,192,41970,128,0,42450:0:0:0:0:
320,192,41970,128,0,42450:0:0:0:0:
448,192,42561,128,0,43041:0:0:0:0:
320,192,42561,128,0,43041:0:0:0:0:
192,192,42561,128,0,43041:0:0:0:0:
64,192,43152,128,0,43633:0:0:0:0:
192,192,43152,128,0,43633:0:0:0:0:
320,192,43152,128,0,43633:0:0:0:0:
192,192,43743,128,0,43891:0:0:0:0:
320,192,44039,128,0,44187:0:0:0:0:
448,192,44334,128,0,44815:0:0:0:0:
64,192,44926,128,0,45406:0:0:0:0:
192,192,45517,128,0,45997:0:0:0:0:
448,192,46108,128,0,46588:0:0:0:0:
64,192,46108,128,0,46588:0:0:0:0:
320,192,46699,128,0,47179:0:0:0:0:
448,192,46699,128,0,47179:0:0:0:0:
448,192,47290,128,0,47770:0:0:0:0:
320,192,47290,128,0,47770:0:0:0:0:
192,192,47290,128,0,47770:0:0:0:0:
320,192,47881,128,0,48362:0:0:0:0:
192,192,47881,128,0,48362:0:0:0:0:
64,192,47881,128,0,48362:0:0:0:0:
64,192,48472,1,0,0:0:0:0:
64,192,48620,1,0,0:0:0:0:
448,192,48768,1,0,0:0:0:0:
320,192,48916,1,0,0:0:0:0:
448,192,49064,128,0,49544:0:0:0:0:
192,192,49655,128,0,50135:0:0:0:0:
64,192,50246,128,0,50726:0:0:0:0:
320,192,50837,1,0,0:0:0:0:
192,192,50837,1,0,0:0:0:0:
320,192,51133,1,0,0:0:0:0:
320,192,51280,1,0,0:0:0:0:
448,192,51354,1,0,0:0:0:0:
64,192,51428,128,0,51576:0:0:0:0:
192,192,51428,128,0,51576:0:0:0:0:
320,192,51724,128,0,51871:0:0:0:0:
448,192,51724,128,0,51871:0:0:0:0:
320,192,52019,128,0,52499:0:0:0:0:
448,192,52610,128,0,53091:0:0:0:0:
64,192,52610,128,0,53091:0:0:0:0:
64,192,53201,1,0,0:0:0:0:
64,192,53349,1,0,0:0:0:0:
448,192,53497,1,0,0:0:0:0:
320,192,53645,1,0,0:0:0:0:
448,192,53793,128,0,54273:0:0:0:0:
192,192,54384,128,0,54864:0:0:0:0:
64,192,54975,128,0,55455:0:0:0:0:
192,192,55566,128,0,56046:0:0:0:0:
192,192,56194,1,0,0:0:0:0:
448,192,56379,1,0,0:0:0:0:
320,192,56600,1,0,0:0:0:0:
192,192,56785,1,0,0:0:0:0:
64,192,57044,1,0,0:0:0:0:
192,192,57192,1,0,0:0:0:0:
320,192,57339,1,0,0:0:0:0:
64,192,57635,1,0,0:0:0:0:
448,192,57931,1,0,0:0:0:0:
448,192,58078,1,0,0:0:0:0:
64,192,58226,1,0,0:0:0:0:
320,192,58374,1,0,0:0:0:0:
192,192,58522,128,0,59002:0:0:0:0:
64,192,59113,128,0,59593:0:0:0:0:
320,192,59704,128,0,60184:0:0:0:0:
64,192,60295,1,0,0:0:0:0:
320,192,60369,1,0,0:0:0:0:
64,192,60443,1,0,0:0:0:0:
320,192,60517,1,0,0:0:0:0:
192,192,60591,1,0,0:0:0:0:
448,192,60665,1,0,0:0:0:0:
192,192,60738,1,0,0:0:0:0:
448,192,60812,1,0,0:0:0:0:
320,192,60886,1,0,0:0:0:0:
64,192,60960,1,0,0:0:0:0:
192,192,61034,1,0,0:0:0:0:
448,192,61108,1,0,0:0:0:0:
320,192,61182,1,0,0:0:0:0:
64,192,61256,1,0,0:0:0:0:
448,192,61330,1,0,0:0:0:0:
192,192,61403,1,0,0:0:0:0:
320,192,61477,128,0,61958:0:0:0:0:
64,192,62068,128,0,62549:0:0:0:0:
448,192,62660,1,0,0:0:0:0:
448,192,62807,1,0,0:0:0:0:
64,192,62955,1,0,0:0:0:0:
320,192,63103,1,0,0:0:0:0:
192,192,63251,128,0,63731:0:0:0:0:
64,192,63842,128,0,64322:0:0:0:0:
320,192,64433,128,0,64913:0:0:0:0:
64,192,65024,1,0,0:0:0:0:
320,192,65098,1,0,0:0:0:0:
64,192,65172,1,0,0:0:0:0:
320,192,65246,1,0,0:0:0:0:
192,192,65320,1,0,0:0:0:0:
448,192,65394,1,0,0:0:0:0:
192,192,65467,1,0,0:0:0:0:
448,192,65541,1,0,0:0:0:0:
320,192,65615,1,0,0:0:0:0:
64,192,65689,1,0,0:0:0:0:
192,192,65763,1,0,0:0:0:0:
448,192,65837,1,0,0:0:0:0:
320,192,65911,1,0,0:0:0:0:
64,192,65985,1,0,0:0:0:0:
448,192,66059,1,0,0:0:0:0:
192,192,66133,1,0,0:0:0:0:
320,192,66206,128,0,66687:0:0:0:0:
64,192,66798,128,0,67278:0:0:0:0:
448,192,67389,1,0,0:0:0:0:
320,192,67536,1,0,0:0:0:0:
64,192,67684,1,0,0:0:0:0:
320,192,67832,1,0,0:0:0:0:
192,192,67980,128,0,68460:0:0:0:0:
64,192,68571,128,0,69051:0:0:0:0:
448,192,69162,128,0,69642:0:0:0:0:
320,192,69753,128,0,70233:0:0:0:0:
192,192,70344,128,0,70492:0:0:0:0:
64,192,70640,128,0,70788:0:0:0:0:
192,192,70935,128,0,71083:0:0:0:0:
448,192,71231,128,0,71379:0:0:0:0:
320,192,71527,128,0,72007:0:0:0:0:
448,192,72118,1,0,0:0:0:0:
320,192,72266,1,0,0:0:0:0:
64,192,72413,1,0,0:0:0:0:
320,192,72561,1,0,0:0:0:0:
192,192,72709,128,0,73152:0:0:0:0:
64,192,73300,128,0,73780:0:0:0:0:
448,192,73891,128,0,74371:0:0:0:0:
320,192,74482,128,0,74963:0:0:0:0:
64,192,75073,1,0,0:0:0:0:
192,192,75147,1,0,0:0:0:0:
448,192,75221,1,0,0:0:0:0:
320,192,75295,1,0,0:0:0:0:
192,192,75369,128,0,75849:0:0:0:0:
320,192,75960,128,0,76440:0:0:0:0:
192,192,76551,128,0,76736:0:0:0:0:
64,192,76847,1,0,0:0:0:0:
192,192,76921,1,0,0:0:0:0:
448,192,76995,1,0,0:0:0:0:
320,192,77142,1,0,0:0:0:0:
64,192,77290,1,0,0:0:0:0:
192,192,77438,1,0,0:0:0:0:
192,192,77512,1,0,0:0:0:0:
320,192,77586,1,0,0:0:0:0:
448,192,77733,1,0,0:0:0:0:
192,192,77881,1,0,0:0:0:0:
64,192,78029,1,0,0:0:0:0:
192,192,78177,1,0,0:0:0:0:
448,192,78325,1,0,0:0:0:0:
64,192,78472,1,0,0:0:0:0:
192,192,78620,1,0,0:0:0:0:
448,192,78768,1,0,0:0:0:0:
64,192,78916,1,0,0:0:0:0:
64,192,78990,1,0,0:0:0:0:
320,192,79064,1,0,0:0:0:0:
320,192,79137,1,0,0:0:0:0:
64,192,79211,1,0,0:0:0:0:
192,192,79322,1,0,0:0:0:0:
448,192,79396,1,0,0:0:0:0:
320,192,79507,1,0,0:0:0:0:
64,192,79655,1,0,0:0:0:0:
192,192,79802,1,0,0:0:0:0:
64,192,79876,1,0,0:0:0:0:
320,192,79950,1,0,0:0:0:0:
448,192,80098,1,0,0:0:0:0:
192,192,80246,1,0,0:0:0:0:
64,192,80394,1,0,0:0:0:0:
192,192,80541,1,0,0:0:0:0:
448,192,80689,1,0,0:0:0:0:
64,192,80837,1,0,0:0:0:0:
192,192,80985,1,0,0:0:0:0:
448,192,81133,1,0,0:0:0:0:
64,192,81280,128,0,81428:0:0:0:0:
192,192,81280,128,0,81428:0:0:0:0:
320,192,81280,128,0,81428:0:0:0:0:
448,192,81280,128,0,81428:0:0:0:0:
64,192,81576,1,0,0:0:0:0:
192,192,81650,1,0,0:0:0:0:
448,192,81724,1,0,0:0:0:0:
320,192,81871,1,0,0:0:0:0:
64,192,82019,1,0,0:0:0:0:
192,192,82167,1,0,0:0:0:0:
192,192,82241,1,0,0:0:0:0:
320,192,82315,1,0,0:0:0:0:
448,192,82463,1,0,0:0:0:0:
192,192,82610,1,0,0:0:0:0:
64,192,82758,1,0,0:0:0:0:
64,192,82832,1,0,0:0:0:0:
192,192,82906,1,0,0:0:0:0:
192,192,82980,1,0,0:0:0:0:
448,192,83054,1,0,0:0:0:0:
448,192,83128,1,0,0:0:0:0:
64,192,83201,1,0,0:0:0:0:
64,192,83275,1,0,0:0:0:0:
192,192,83349,1,0,0:0:0:0:
192,192,83423,1,0,0:0:0:0:
448,192,83497,1,0,0:0:0:0:
448,192,83571,1,0,0:0:0:0:
64,192,83645,1,0,0:0:0:0:
64,192,83719,1,0,0:0:0:0:
320,192,83793,1,0,0:0:0:0:
320,192,83866,1,0,0:0:0:0:
64,192,83940,1,0,0:0:0:0:
192,192,84014,1,0,0:0:0:0:
448,192,84088,1,0,0:0:0:0:
320,192,84236,1,0,0:0:0:0:
64,192,84384,1,0,0:0:0:0:
192,192,84532,1,0,0:0:0:0:
320,192,84605,1,0,0:0:0:0:
64,192,84679,1,0,0:0:0:0:
192,192,84827,1,0,0:0:0:0:
320,192,84901,1,0,0:0:0:0:
448,192,84975,1,0,0:0:0:0:
320,192,85123,128,0,85603:0:0:0:0:
192,192,85714,128,0,86194:0:0:0:0:
448,192,86305,1,0,0:0:0:0:
320,192,86379,1,0,0:0:0:0:
192,192,86453,1,0,0:0:0:0:
64,192,86527,1,0,0:0:0:0:
192,192,86600,1,0,0:0:0:0:
448,192,86674,1,0,0:0:0:0:
320,192,86748,1,0,0:0:0:0:
64,192,86822,1,0,0:0:0:0:
192,192,86896,1,0,0:0:0:0:
448,192,86970,1,0,0:0:0:0:
320,192,87044,1,0,0:0:0:0:
64,192,87118,1,0,0:0:0:0:
320,192,87192,1,0,0:0:0:0:
448,192,87266,1,0,0:0:0:0:
192,192,87339,1,0,0:0:0:0:
64,192,87413,1,0,0:0:0:0:
448,192,87487,128,0,87635:0:0:0:0:
320,192,87783,128,0,87931:0:0:0:0:
64,192,88078,128,0,88226:0:0:0:0:
192,192,88374,128,0,88522:0:0:0:0:
64,192,88669,1,0,0:0:0:0:
192,192,88817,1,0,0:0:0:0:
320,192,88965,1,0,0:0:0:0:
64,192,89113,1,0,0:0:0:0:
192,192,89261,1,0,0:0:0:0:
448,192,89408,1,0,0:0:0:0:
64,192,89556,1,0,0:0:0:0:
192,192,89704,1,0,0:0:0:0:
448,192,89852,1,0,0:0:0:0:
320,192,89926,1,0,0:0:0:0:
64,192,89999,1,0,0:0:0:0:
192,192,90073,1,0,0:0:0:0:
448,192,90147,1,0,0:0:0:0:
320,192,90221,1,0,0:0:0:0:
64,192,90295,1,0,0:0:0:0:
192,192,90369,1,0,0:0:0:0:
320,192,90443,1,0,0:0:0:0:
448,192,90517,1,0,0:0:0:0:
192,192,90591,1,0,0:0:0:0:
64,192,90665,1,0,0:0:0:0:
320,192,90738,1,0,0:0:0:0:
448,192,90812,1,0,0:0:0:0:
192,192,90886,1,0,0:0:0:0:
64,192,90960,1,0,0:0:0:0:
448,192,91034,1,0,0:0:0:0:
320,192,91108,1,0,0:0:0:0:
192,192,91182,1,0,0:0:0:0:
64,192,91256,1,0,0:0:0:0:
192,192,91330,1,0,0:0:0:0:
448,192,91403,1,0,0:0:0:0:
320,192,91477,1,0,0:0:0:0:
64,192,91551,1,0,0:0:0:0:
192,192,91625,1,0,0:0:0:0:
448,192,91699,1,0,0:0:0:0:
320,192,91773,1,0,0:0:0:0:
64,192,91847,1,0,0:0:0:0:
320,192,91921,1,0,0:0:0:0:
448,192,91995,1,0,0:0:0:0:
192,192,92068,1,0,0:0:0:0:
64,192,92142,1,0,0:0:0:0:
448,192,92216,128,0,92364:0:0:0:0:
320,192,92512,128,0,92660:0:0:0:0:
64,192,92807,128,0,92955:0:0:0:0:
192,192,93103,128,0,93251:0:0:0:0:
64,192,93399,1,0,0:0:0:0:
192,192,93546,1,0,0:0:0:0:
320,192,93694,1,0,0:0:0:0:
64,192,93842,1,0,0:0:0:0:
192,192,93990,1,0,0:0:0:0:
448,192,94137,1,0,0:0:0:0:
64,192,94285,1,0,0:0:0:0:
192,192,94433,1,0,0:0:0:0:
448,192,94581,1,0,0:0:0:0:
320,192,94655,1,0,0:0:0:0:
64,192,94729,1,0,0:0:0:0:
192,192,94802,1,0,0:0:0:0:
448,192,94876,1,0,0:0:0:0:
320,192,94950,1,0,0:0:0:0:
64,192,95024,1,0,0:0:0:0:
192,192,95098,1,0,0:0:0:0:
320,192,95172,1,0,0:0:0:0:
448,192,95246,1,0,0:0:0:0:
192,192,95320,1,0,0:0:0:0:
64,192,95394,1,0,0:0:0:0:
320,192,95467,1,0,0:0:0:0:
448,192,95541,1,0,0:0:0:0:
192,192,95615,1,0,0:0:0:0:
64,192,95689,1,0,0:0:0:0:
64,192,95763,1,0,0:0:0:0:
192,192,95837,1,0,0:0:0:0:
448,192,95911,1,0,0:0:0:0:
64,192,95985,1,0,0:0:0:0:
192,192,96059,1,0,0:0:0:0:
320,192,96133,1,0,0:0:0:0:
448,192,96206,1,0,0:0:0:0:
192,192,96280,1,0,0:0:0:0:
320,192,96354,1,0,0:0:0:0:
448,192,96428,1,0,0:0:0:0:
64,192,96502,1,0,0:0:0:0:
320,192,96576,1,0,0:0:0:0:
448,192,96650,1,0,0:0:0:0:
320,192,96724,1,0,0:0:0:0:
192,192,96798,1,0,0:0:0:0:
64,192,96871,1,0,0:0:0:0:
192,192,96945,1,0,0:0:0:0:
448,192,97093,1,0,0:0:0:0:
320,192,97241,1,0,0:0:0:0:
64,192,97389,1,0,0:0:0:0:
192,192,97536,1,0,0:0:0:0:
320,192,97610,1,0,0:0:0:0:
448,192,97684,1,0,0:0:0:0:
192,192,97758,1,0,0:0:0:0:
64,192,97832,1,0,0:0:0:0:
192,192,97906,1,0,0:0:0:0:
448,192,97980,1,0,0:0:0:0:
320,192,98054,1,0,0:0:0:0:
64,192,98128,128,0,98460:0:0:0:0:
320,192,98571,128,0,98830:0:0:0:0:
192,192,98940,128,0,99199:0:0:0:0:
64,192,99310,128,0,99642:0:0:0:0:
192,192,99753,1,0,0:0:0:0:
448,192,99901,128,0,100049:0:0:0:0:
320,192,100197,128,0,100344:0:0:0:0:
64,192,100492,1,0,0:0:0:0:
192,192,100566,1,0,0:0:0:0:
448,192,100640,1,0,0:0:0:0:
64,192,100714,1,0,0:0:0:0:
192,192,100788,1,0,0:0:0:0:
320,192,100862,1,0,0:0:0:0:
448,192,100935,1,0,0:0:0:0:
192,192,101009,1,0,0:0:0:0:
320,192,101083,1,0,0:0:0:0:
448,192,101157,1,0,0:0:0:0:
64,192,101231,1,0,0:0:0:0:
320,192,101305,1,0,0:0:0:0:
448,192,101379,1,0,0:0:0:0:
320,192,101453,1,0,0:0:0:0:
192,192,101527,1,0,0:0:0:0:
64,192,101600,1,0,0:0:0:0:
192,192,101674,1,0,0:0:0:0:
448,192,101822,1,0,0:0:0:0:
320,192,101970,1,0,0:0:0:0:
64,192,102118,1,0,0:0:0:0:
192,192,102266,1,0,0:0:0:0:
192,192,102339,1,0,0:0:0:0:
448,192,102413,1,0,0:0:0:0:
448,192,102487,1,0,0:0:0:0:
64,192,102561,1,0,0:0:0:0:
192,192,102635,1,0,0:0:0:0:
448,192,102709,1,0,0:0:0:0:
320,192,102783,1,0,0:0:0:0:
64,192,102857,128,0,103263:0:0:0:0:
320,192,103374,128,0,103559:0:0:0:0:
192,192,103669,128,0,103854:0:0:0:0:
64,192,104039,128,0,104445:0:0:0:0:
192,192,104556,1,0,0:0:0:0:
448,192,104704,128,0,104852:0:0:0:0:
320,192,104999,128,0,105147:0:0:0:0:
192,192,105221,1,0,0:0:0:0:
192,192,105701,1,0,0:0:0:0:
192,192,105923,1,0,0:0:0:0:
192,192,106145,1,0,0:0:0:0:
192,192,106366,1,0,0:0:0:0:
64,192,106403,128,0,106551:0:0:0:0:
448,192,106699,128,0,106847:0:0:0:0:
320,192,106995,128,0,107475:0:0:0:0:
192,192,107586,128,0,108066:0:0:0:0:
320,192,108177,128,0,108657:0:0:0:0:
64,192,108768,128,0,109248:0:0:0:0:
192,192,109359,128,0,109839:0:0:0:0:
448,192,109359,128,0,109839:0:0:0:0:
320,192,109950,128,0,110431:0:0:0:0:
64,192,109950,128,0,110431:0:0:0:0:
192,192,110541,128,0,111022:0:0:0:0:
320,192,110541,128,0,111022:0:0:0:0:
448,192,110541,128,0,111022:0:0:0:0:
64,192,111133,128,0,111280:0:0:0:0:
448,192,111428,128,0,111576:0:0:0:0:
320,192,111724,128,0,112204:0:0:0:0:
192,192,112315,128,0,112795:0:0:0:0:
320,192,112906,128,0,113386:0:0:0:0:
320,192,113497,128,0,113977:0:0:0:0:
64,192,113497,128,0,113977:0:0:0:0:
448,192,114088,128,0,114568:0:0:0:0:
64,192,114088,128,0,114568:0:0:0:0:
448,192,114679,128,0,115160:0:0:0:0:
320,192,114679,128,0,115160:0:0:0:0:
192,192,114679,128,0,115160:0:0:0:0:
448,192,115270,128,0,115751:0:0:0:0:
320,192,115270,128,0,115751:0:0:0:0:
192,192,115270,128,0,115751:0:0:0:0:
64,192,115862,1,0,0:0:0:0:
64,192,116009,1,0,0:0:0:0:
448,192,116157,1,0,0:0:0:0:
64,192,116305,1,0,0:0:0:0:
320,192,116453,128,0,116933:0:0:0:0:
448,192,117044,128,0,117524:0:0:0:0:
320,192,117635,128,0,118115:0:0:0:0:
64,192,118226,128,0,118300:0:0:0:0:
64,192,118522,1,0,0:0:0:0:
64,192,118669,1,0,0:0:0:0:
192,192,118743,1,0,0:0:0:0:
448,192,118817,128,0,118965:0:0:0:0:
192,192,119113,128,0,119261:0:0:0:0:
320,192,119408,128,0,119889:0:0:0:0:
192,192,119999,128,0,120480:0:0:0:0:
64,192,120591,1,0,0:0:0:0:
64,192,120738,1,0,0:0:0:0:
448,192,120886,1,0,0:0:0:0:
64,192,121034,1,0,0:0:0:0:
320,192,121182,128,0,121662:0:0:0:0:
448,192,121773,128,0,122253:0:0:0:0:
320,192,122364,128,0,122807:0:0:0:0:
192,192,122955,128,0,123435:0:0:0:0:
64,192,123546,128,0,124027:0:0:0:0:
448,192,124137,128,0,124913:0:0:0:0:
320,192,124137,128,0,124913:0:0:0:0:
192,192,124137,128,0,124913:0:0:0:0:
64,192,124137,128,0,124913:0:0:0:0:
448,192,125320,1,0,0:0:0:0:
64,192,125467,1,0,0:0:0:0:
192,192,125541,1,0,0:0:0:0:
448,192,125615,128,0,125763:0:0:0:0:
320,192,125911,128,0,126059:0:0:0:0:
64,192,126206,1,0,0:0:0:0:
448,192,126280,1,0,0:0:0:0:
64,192,126354,1,0,0:0:0:0:
448,192,126428,1,0,0:0:0:0:
320,192,126502,128,0,126650:0:0:0:0:
192,192,126798,128,0,126945:0:0:0:0:
448,192,127093,128,0,127241:0:0:0:0:
64,192,127389,1,0,0:0:0:0:
192,192,127463,1,0,0:0:0:0:
448,192,127536,1,0,0:0:0:0:
320,192,127610,1,0,0:0:0:0:
448,192,127684,1,0,0:0:0:0:
64,192,127832,1,0,0:0:0:0:
192,192,127906,1,0,0:0:0:0:
448,192,127980,128,0,128128:0:0:0:0:
320,192,128275,128,0,128423:0:0:0:0:
64,192,128571,1,0,0:0:0:0:
448,192,128645,1,0,0:0:0:0:
64,192,128719,1,0,0:0:0:0:
448,192,128793,1,0,0:0:0:0:
192,192,128866,128,0,129014:0:0:0:0:
320,192,129162,128,0,129310:0:0:0:0:
448,192,129458,128,0,129605:0:0:0:0:
192,192,129753,1,0,0:0:0:0:
64,192,129827,1,0,0:0:0:0:
320,192,129901,1,0,0:0:0:0:
448,192,129975,1,0,0:0:0:0:
448,192,130049,1,0,0:0:0:0:
320,192,130123,1,0,0:0:0:0:
64,192,130197,1,0,0:0:0:0:
448,192,130270,1,0,0:0:0:0:
320,192,130344,1,0,0:0:0:0:
64,192,130418,1,0,0:0:0:0:
448,192,130492,1,0,0:0:0:0:
320,192,130566,1,0,0:0:0:0:
192,192,130640,128,0,130788:0:0:0:0:
64,192,130935,128,0,131083:0:0:0:0:
448,192,131231,128,0,131527:0:0:0:0:
192,192,131674,128,0,131970:0:0:0:0:
64,192,132118,1,0,0:0:0:0:
320,192,132192,1,0,0:0:0:0:
64,192,132266,1,0,0:0:0:0:
320,192,132339,1,0,0:0:0:0:
64,192,132413,1,0,0:0:0:0:
192,192,132561,1,0,0:0:0:0:
448,192,132709,1,0,0:0:0:0:
64,192,132783,1,0,0:0:0:0:
448,192,132857,1,0,0:0:0:0:
320,192,132931,1,0,0:0:0:0:
192,192,133004,1,0,0:0:0:0:
64,192,133152,1,0,0:0:0:0:
320,192,133226,1,0,0:0:0:0:
448,192,133300,1,0,0:0:0:0:
192,192,133448,1,0,0:0:0:0:
320,192,133596,1,0,0:0:0:0:
320,192,133669,1,0,0:0:0:0:
64,192,133743,1,0,0:0:0:0:
448,192,133891,1,0,0:0:0:0:
192,192,134039,1,0,0:0:0:0:
448,192,134187,128,0,134334:0:0:0:0:
320,192,134187,128,0,134334:0:0:0:0:
64,192,134482,128,0,134630:0:0:0:0:
192,192,134482,128,0,134630:0:0:0:0:
192,192,134778,1,0,0:0:0:0:
192,192,134852,1,0,0:0:0:0:
448,192,134926,1,0,0:0:0:0:
64,192,135073,1,0,0:0:0:0:
320,192,135221,1,0,0:0:0:0:
192,192,135369,128,0,135517:0:0:0:0:
448,192,135665,1,0,0:0:0:0:
320,192,135738,1,0,0:0:0:0:
64,192,135812,1,0,0:0:0:0:
192,192,135886,1,0,0:0:0:0:
448,192,135960,128,0,136330:0:0:0:0:
320,192,136440,128,0,136810:0:0:0:0:
64,192,136847,128,0,136995:0:0:0:0:
448,192,137142,128,0,137290:0:0:0:0:
320,192,137438,1,0,0:0:0:0:
320,192,137512,1,0,0:0:0:0:
192,192,137586,128,0,137733:0:0:0:0:
64,192,137881,1,0,0:0:0:0:
192,192,137955,1,0,0:0:0:0:
448,192,138029,1,0,0:0:0:0:
192,192,138177,1,0,0:0:0:0:
64,192,138325,128,0,138472:0:0:0:0:
320,192,138620,128,0,138768:0:0:0:0:
448,192,138916,128,0,139064:0:0:0:0:
192,192,139211,128,0,139359:0:0:0:0:
192,192,139507,1,0,0:0:0:0:
192,192,139581,1,0,0:0:0:0:
448,192,139655,1,0,0:0:0:0:
64,192,139802,1,0,0:0:0:0:
320,192,139950,1,0,0:0:0:0:
192,192,140098,128,0,140246:0:0:0:0:
448,192,140394,1,0,0:0:0:0:
320,192,140467,1,0,0:0:0:0:
64,192,140541,1,0,0:0:0:0:
192,192,140615,1,0,0:0:0:0:
448,192,140689,128,0,141096:0:0:0:0:
320,192,141206,128,0,141465:0:0:0:0:
64,192,141576,128,0,141761:0:0:0:0:
448,192,141871,128,0,142019:0:0:0:0:
320,192,142167,1,0,0:0:0:0:
320,192,142241,1,0,0:0:0:0:
192,192,142315,128,0,142463:0:0:0:0:
64,192,142610,1,0,0:0:0:0:
192,192,142684,1,0,0:0:0:0:
448,192,142758,1,0,0:0:0:0:
192,192,142906,1,0,0:0:0:0:
64,192,143054,128,0,143201:0:0:0:0:
320,192,143349,128,0,143497:0:0:0:0:
448,192,143645,128,0,143793:0:0:0:0:
192,192,143940,128,0,144088:0:0:0:0:
448,192,144236,1,0,0:0:0:0:
448,192,144384,1,0,0:0:0:0:
64,192,144532,1,0,0:0:0:0:
192,192,144679,1,0,0:0:0:0:
320,192,144827,128,0,145307:0:0:0:0:
192,192,145418,128,0,145899:0:0:0:0:
320,192,146009,1,0,0:0:0:0:
448,192,146157,1,0,0:0:0:0:
64,192,146305,1,0,0:0:0:0:
192,192,146453,1,0,0:0:0:0:
320,192,146600,1,0,0:0:0:0:
448,192,146674,1,0,0:0:0:0:
192,192,146748,1,0,0:0:0:0:
64,192,146822,1,0,0:0:0:0:
320,192,146896,1,0,0:0:0:0:
448,192,146970,1,0,0:0:0:0:
192,192,147044,1,0,0:0:0:0:
64,192,147118,1,0,0:0:0:0:
448,192,147192,1,0,0:0:0:0:
320,192,147266,1,0,0:0:0:0:
64,192,147339,1,0,0:0:0:0:
192,192,147413,1,0,0:0:0:0:
448,192,147487,1,0,0:0:0:0:
320,192,147561,1,0,0:0:0:0:
64,192,147635,1,0,0:0:0:0:
192,192,147709,1,0,0:0:0:0:
320,192,147783,128,0,148263:0:0:0:0:
192,192,148374,128,0,148854:0:0:0:0:
448,192,148965,1,0,0:0:0:0:
448,192,149113,1,0,0:0:0:0:
320,192,149187,1,0,0:0:0:0:
64,192,149261,1,0,0:0:0:0:
192,192,149408,1,0,0:0:0:0:
64,192,149556,128,0,149704:0:0:0:0:
320,192,149852,128,0,149999:0:0:0:0:
448,192,150147,128,0,150554:0:0:0:0:
320,192,150665,128,0,150923:0:0:0:0:
64,192,151034,128,0,151182:0:0:0:0:
448,192,151330,128,0,151810:0:0:0:0:
320,192,151921,128,0,152401:0:0:0:0:
320,192,152512,128,0,152992:0:0:0:0:
192,192,152512,128,0,152992:0:0:0:0:
192,192,153103,128,0,153583:0:0:0:0:
64,192,153103,128,0,153583:0:0:0:0:
64,192,153694,1,0,0:0:0:0:
192,192,153842,1,0,0:0:0:0:
448,192,153990,1,0,0:0:0:0:
320,192,154137,1,0,0:0:0:0:
64,192,154285,1,0,0:0:0:0:
448,192,154433,1,0,0:0:0:0:
192,192,154581,128,0,155061:0:0:0:0:
320,192,155172,128,0,155948:0:0:0:0:
192,192,156059,128,0,156539:0:0:0:0:
320,192,156650,128,0,157130:0:0:0:0:
192,192,157241,128,0,157721:0:0:0:0:
64,192,157832,128,0,158054:0:0:0:0:
448,192,158128,1,0,0:0:0:0:
320,192,158275,1,0,0:0:0:0:
320,192,158423,128,0,159495:0:0:0:0:
448,192,158423,128,0,159495:0:0:0:0:
320,192,159605,128,0,160677:0:0:0:0:
192,192,159605,128,0,160677:0:0:0:0:
64,192,160788,128,0,161859:0:0:0:0:
320,192,160788,128,0,161859:0:0:0:0:
64,192,161970,128,0,162450:0:0:0:0:
192,192,161970,128,0,162450:0:0:0:0:
448,192,162561,128,0,163041:0:0:0:0:
64,192,162561,128,0,163041:0:0:0:0:
64,192,163152,1,0,0:0:0:0:
64,192,163300,1,0,0:0:0:0:
448,192,163448,1,0,0:0:0:0:
64,192,163596,1,0,0:0:0:0:
320,192,163743,128,0,164224:0:0:0:0:
448,192,164334,128,0,164815:0:0:0:0:
320,192,164926,128,0,165406:0:0:0:0:
64,192,165517,128,0,165665:0:0:0:0:
320,192,165812,1,0,0:0:0:0:
192,192,165960,1,0,0:0:0:0:
448,192,166108,128,0,166588:0:0:0:0:
320,192,166699,128,0,167179:0:0:0:0:
448,192,167290,128,0,167438:0:0:0:0:
64,192,167586,128,0,167733:0:0:0:0:
64,192,167881,1,0,0:0:0:0:
64,192,168029,1,0,0:0:0:0:
448,192,168177,1,0,0:0:0:0:
64,192,168325,1,0,0:0:0:0:
320,192,168472,128,0,168953:0:0:0:0:
448,192,169064,128,0,169544:0:0:0:0:
320,192,169655,128,0,170135:0:0:0:0:
64,192,170246,128,0,170394:0:0:0:0:
320,192,170541,1,0,0:0:0:0:
192,192,170689,1,0,0:0:0:0:
448,192,170837,128,0,171317:0:0:0:0:
320,192,171428,128,0,171908:0:0:0:0:
448,192,172019,128,0,172167:0:0:0:0:
64,192,172315,128,0,172463:0:0:0:0:
64,192,172610,1,0,0:0:0:0:
64,192,172758,1,0,0:0:0:0:
448,192,172906,128,0,173054:0:0:0:0:
192,192,173201,128,0,173349:0:0:0:0:
320,192,173497,128,0,173645:0:0:0:0:
448,192,173793,128,0,174125:0:0:0:0:
320,192,174273,128,0,174458:0:0:0:0:
64,192,174605,128,0,174864:0:0:0:0:
192,192,174975,128,0,175455:0:0:0:0:
64,192,175566,128,0,175714:0:0:0:0:
448,192,175862,1,0,0:0:0:0:
192,192,176009,1,0,0:0:0:0:
448,192,176157,128,0,176637:0:0:0:0:
320,192,176157,128,0,176637:0:0:0:0:
192,192,176748,128,0,177229:0:0:0:0:
64,192,176748,128,0,177229:0:0:0:0:
64,192,177339,1,0,0:0:0:0:
64,192,177487,1,0,0:0:0:0:
448,192,177635,128,0,177783:0:0:0:0:
192,192,177931,128,0,178078:0:0:0:0:
320,192,178226,128,0,178374:0:0:0:0:
448,192,178522,128,0,178891:0:0:0:0:
320,192,179002,128,0,179261:0:0:0:0:
64,192,179408,128,0,179630:0:0:0:0:
192,192,179704,128,0,180184:0:0:0:0:
64,192,180295,128,0,180443:0:0:0:0:
448,192,180591,1,0,0:0:0:0:
192,192,180738,1,0,0:0:0:0:
320,192,180886,128,0,181366:0:0:0:0:
448,192,180886,128,0,181366:0:0:0:0:
192,192,181477,128,0,181958:0:0:0:0:
64,192,181477,128,0,181958:0:0:0:0:
448,192,182068,128,0,184396:0:0:0:0:
320,192,182068,128,0,184396:0:0:0:0:
192,192,182068,128,0,184396:0:0:0:0:
64,192,182068,128,0,184396:0:0:0:0:
